0.220657
0.820606
0.168895
0.232854
0.225258
0.120459
0.283959
0.338393
0.101783
0.238270
0.231562
0.231419
0.817955
0.189170
0.176024
0.195380
0.339962
0.167477
0.819824
0.176669
0.112024
0.172840
0.219690
0.276298
0.202058
0.195900
0.149505
0.224871
0.254037
0.285390
0.294391
0.224614
0.206670
0.312171
0.369856
0.195276
0.293115
0.198321
0.221356
0.347841
0.353010
0.302519
0.248561
0.304553
0.801341
0.421507
0.255937
0.310524
0.196307
0.478391
0.372118
0.242239
0.476779
0.439106
0.324383
0.442967
0.480532
0.460493
0.425161
0.607447
0.620022
0.541867
0.522841
0.733752
0.652280
0.615949
0.617588
0.593056
0.757813
0.670392
0.784230
0.811050
0.883706
0.338145
0.885314
0.787987
0.682474
0.720161
0.858598
0.891146
0.798122
0.803454
0.954178
0.876326
0.906498
0.946106
0.888549
0.919958
0.922536
0.950019
0.924083
0.882848
0.958946
0.928347
0.958603
0.730529
0.970408
0.961414
0.915314
0.943804
0.945983
0.972931
0.943940
0.949471
0.959009
0.972461
0.990011
0.975348
0.959274
0.963603
0.963394
0.974823
0.722808
0.991335
0.990932
0.972729
0.981864
0.991103
0.991213
0.992765
0.972634
0.991100
0.606904
0.991275
0.991446
0.389381
0.991559
0.766007
0.990218
0.977830
0.990838
0.849256
0.861202
0.973441
0.988925
0.990488
0.959752
0.940848
0.948644
0.990510
0.984053
0.992270
0.988812
0.577679
0.962386
0.990212
0.473525
0.977873
0.987999
0.932084
0.984109
0.979507
0.980049
0.973035
0.985682
0.971500
0.975650
0.992818
0.975425
0.674855
0.973180
0.827675
0.528521
0.987448
0.993006
0.983075
0.988334
0.985788
0.972740
0.987742
0.977650
0.993132
0.956431
0.975401
0.954301
0.989544
0.986429
0.947574
0.977603
0.993502
0.895669
0.974690
0.979020
0.977616
0.985546
0.986881
0.980676
0.994636
0.947964
0.990172
0.988617
0.988844
0.990953
0.989934
0.758715
0.995647
0.978127
0.988130
0.987988
0.994665
0.988335
0.991257
0.991654
0.997499
0.995238
0.991485
0.995909
0.993024
0.996660
0.821245
0.994897
0.990068
0.982993
0.856980
0.996663
0.997252
0.993968
0.996284
0.991099
0.997014
0.996985
0.997260
0.992440
0.997271
0.997236
0.913063
0.997391
0.997406
0.915110
0.997674
0.989703
0.995846
0.993426
0.995317
0.985697
0.995911
0.985630
0.979434
0.994164
0.990355
0.992932
0.997659
0.988598
0.993237
0.993879
0.967303
0.988142
0.996865
0.992779
0.998289
0.995449
0.998058
0.998081
0.997413
0.974455
0.997981
0.996181
0.998265
0.980090
0.906494
0.997914
0.998162
0.907169
0.996803
0.995436
0.996407
0.996273
0.992377
0.922862
0.929416
0.994766
0.998436
0.997560
0.979519
0.996320
0.978042
0.998648
0.998274
0.995898
0.995182
0.998553
0.998314
0.997390
0.928792
0.992883
0.977924
0.989948
0.989595
0.962928
0.962386
0.975227
0.994765
0.991180
0.999004
0.994343
0.992362
0.996760
0.991622
0.953377
0.995869
0.995140
0.997682
0.994319
0.998339
0.892679
0.997429
0.948709
0.997472
0.996864
0.915614
0.964755
0.997602
0.995105
0.995308
0.931727
0.987313
0.993328
0.979910
0.981781
0.991268
0.998032
0.992399
0.990588
0.982421
0.986640
0.998523
0.987966
0.998417
0.990478
0.995821
0.874004
0.869919
0.992052
0.991718
0.998456
0.998834
0.988496
0.998439
0.986441
0.981715
0.983961
0.987903
0.992113
0.982922
0.978920
0.989328
0.988824
0.993765
0.987354
0.997194
0.998637
0.996627
0.970412
0.996128
0.998566
0.997695
0.997039
0.925784
0.960270
0.998274
0.987130
0.936088
0.999102
0.988141
0.998910
0.952506
0.995763
0.919489
0.962900
0.994631
0.997380
0.987329
0.993863
0.993357
0.963800
0.986526
0.991798
0.987867
0.999114
0.997486
0.996527
0.994738
0.984322
0.993231
0.996896
0.971434
0.998851
0.999348
0.997149
0.992053
0.956871
0.999116
0.998833
0.996796
0.973686
0.988840
0.991314
0.997418
0.986004
0.939212
0.973741
0.996459
0.988481
0.987592
0.994517
0.936092
0.989531
0.979787
0.996126
0.991864
0.991329
0.991815
0.994711
0.997971
0.996919
0.997106
0.981509
0.999075
0.936689
0.998486
0.935619
0.980559
0.998126
0.983768
0.997672
0.973781
0.998301
0.999173
0.994386
0.994897
0.997148
0.989249
0.985284
0.997502
0.913157
0.993762
0.998194
0.995145
0.998454
0.995014
0.870728
0.995204
0.992610
0.996602
0.997423
0.996524
0.999028
0.999095
0.997423
0.998907
0.999117
0.919048
0.999169
0.998751
0.997367
0.991697
0.996537
0.998357
0.997305
0.999321
0.998687
0.999315
0.999335
0.963285
0.939773
0.999220
0.944843
0.997964
0.959823
0.997944
0.998015
0.934270
0.997884
0.988560
0.997770
0.980222
0.977266
0.971582
0.999136
0.993215
0.994085
0.971449
0.989163
0.991137
0.980785
0.990856
0.977971
0.996107
0.992849
0.994814
0.992207
0.993841
0.986909
0.985142
0.991146
0.999115
0.994081
0.954727
0.999115
0.997711
0.105124
0.136247
0.131323
0.089363
0.171646
0.110817
0.084279
0.245513
0.466944
0.137465
0.146927
0.176973
0.062963
0.066088
0.115838
0.360619
0.064145
0.235349
0.083371
0.300075
0.360826
0.290380
0.064411
0.068995
0.460642
0.165504
0.281443
0.312517
0.162274
0.110718
0.360074
0.133868
0.158452
0.301296
0.333750
0.303835
0.674766
0.209775
0.234400
0.427761
0.459631
0.442745
0.431259
0.459873
0.455745
0.403991
0.417347
0.561186
0.512429
0.706251
0.606546
0.695517
0.707146
0.759885
0.826713
0.825049
0.829986
0.892414
0.807506
0.796447
0.882674
0.939196
0.938258
0.801024
0.781215
0.831282
0.775062
0.900296
0.894548
0.795885
0.936181
0.940821
0.829404
0.697382
0.709898
0.884882
0.954871
0.970330
0.951446
0.959589
0.928410
0.765098
0.793327
0.888793
0.978183
0.854698
0.530682
0.924544
0.886615
0.908586
0.892949
0.917797
0.859471
0.775929
0.756014
0.918109
0.969316
0.979808
0.843588
0.680718
0.958214
0.966757
0.640738
0.797688
0.738081
0.971145
0.795840
0.925214
0.543563
0.986596
0.958583
0.984127
0.927465
0.855497
0.904116
0.997088
0.775659
0.933716
0.619392
0.551944
0.944921
0.912668
0.916240
0.940695
0.851083
0.946118
0.852793
0.600592
0.811273
0.936477
0.830734
0.953572
0.923328
0.922712
0.920662
0.602069
0.934433
0.908739
0.972847
0.959333
0.608451
0.926478
0.896615
0.980148
0.926164
0.911311
0.801167
0.977232
0.887282
0.902118
0.985291
0.963268
0.957366
0.852402
0.978851
0.882953
0.792931
0.819428
0.960102
0.984987
0.939594
0.950866
0.646367
0.918357
0.780066
0.960347
0.913926
0.939651
0.958963
0.924505
0.937707
0.981308
0.901626
0.988046
0.922578
0.805666
0.510656
0.805279
0.970060
0.970397
0.913337
0.991910
0.995754
0.945101
0.969494
0.885081
0.985445
0.859219
0.985738
0.970212
0.895996
0.586091
0.878163
0.985757
0.986799
0.963150
0.930779
0.973979
0.959278
0.973589
0.966326
0.910550
0.786139
0.414394
0.962573
0.941269
0.942383
0.946436
0.846172
0.897296
0.986355
0.991739
0.967750
0.601325
0.639890
0.965670
0.966521
0.947317
0.962705
0.993705
0.971682
0.995233
0.923793
0.884035
0.625468
0.778624
0.951853
0.913305
0.756576
0.970001
0.979684
0.931923
0.810525
0.802244
0.916534
0.768626
0.961615
0.969265
0.967887
0.926517
0.588073
0.984025
0.915800
0.851964
0.956950
0.956815
0.972513
0.939103
0.965574
0.993398
0.929835
0.957724
0.987259
0.976885
0.910450
0.453819
0.961564
0.942236
0.887380
0.945494
0.947639
0.813197
0.852506
0.811245
0.946721
0.886967
0.915220
0.947560
0.972665
0.987138
0.854519
0.894060
0.931724
0.959860
0.942236
0.932428
0.876022
0.947993
0.949956
0.975091
0.992061
0.934418
0.917545
0.876590
0.948084
0.924847
0.941223
0.940953
0.965073
0.817430
0.962533
0.816707
0.782785
0.987877
0.885557
0.983860
0.916041
0.936803
0.850032
0.947975
0.954027
0.972012
0.847151
0.970530
0.969032
0.831108
0.963525
0.930701
0.978269
0.751666
0.956067
0.882256
0.916069
0.859091
0.972880
0.953517
0.901045
0.964275
0.916772
0.956577
0.935032
0.948692
0.922247
0.936217
0.782701
0.982735
0.973541
0.949633
0.953208
0.980451
0.970785
0.852490
0.998744
0.995925
0.969768
0.938706
0.966156
0.991172
0.992564
0.978870
0.974243
0.898001
0.982671
0.983117
0.933588
0.912428
0.980574
0.848694
0.964374
0.963657
0.905013
0.810995
0.976412
0.961216
0.987146
0.966027
0.985753
0.965887
0.994793
0.968492
0.970486
0.809329
0.989506
0.867916
0.988303
0.858780
0.984183
0.967204
0.872876
0.846569
0.990975
0.980237
0.846628
0.861148
0.775109
0.964786
0.900550
0.901578
0.805279
0.962551
0.964845
0.939085
0.969942
0.978922
0.988314
0.808764
0.907364
0.963642
0.939619
0.939960
0.886480
0.983939
0.897535
0.981955
0.958089
0.965865
0.872141
0.998256
0.916065
0.973359
0.916034
0.890656
0.979438
0.843691
0.913915
0.951511
0.967122
0.872656
0.975403
0.889332
0.809153
0.877848
0.867661
0.990439
0.948438
0.976230
0.972261
0.980410
0.934447
0.975768
0.924942
0.964812
0.906025
0.888569
0.907745
0.970112
0.850596
0.902886
0.965733
0.891533
0.982870
0.939107
0.963753
0.971230
0.981678
0.906029
0.940372
0.981768
0.936038
0.944856
0.948489
0.885821
0.873296
0.996346
0.952339
0.991505
0.968477
0.916712
0.909488
0.969938
0.890540
0.930137
0.921885
0.923183
0.976382
0.962192
0.958221
0.984607
0.965725
0.954314
0.973303
0.867538
0.897196
0.995625
0.988280
0.989797
0.977034
0.959249
0.882640
0.982472
0.890099
0.987247
0.929363
0.799442
0.986273
0.998763
0.829341
0.998626
0.971842
0.944968
0.934982
0.946061
0.939953
0.899342
0.890123
0.963488
0.880521
0.910783
0.940017
0.977717
0.871542
0.934165
0.968271
0.991550
0.898923
0.965909
0.989283
0.935242
0.939318
0.971515
0.185996
0.413874
0.358994
0.085609
0.457206
0.528522
0.224413
0.315554
0.430483
0.074329
0.427850
0.179758
0.259928
0.489389
0.821877
0.173040
0.807519
0.428827
0.580632
0.335721
0.446795
0.114270
0.508542
0.614581
0.270689
0.162062
0.611583
0.214090
0.076727
0.195074
0.232350
0.282397
0.481471
0.247929
0.151896
0.510981
0.136282
0.601394
0.736506
0.892132
0.481060
0.865231
0.086395
0.762272
0.562579
0.635049
0.726705
0.294524
0.275761
0.831641
0.658279
0.234711
0.071350
0.390631
0.502541
0.331600
0.570632
0.803843
0.324339
0.368793
0.433019
0.672867
0.772824
0.653081
0.406790
0.557933
0.600729
0.147894
0.568794
0.290962
0.480172
0.486300
0.385312
0.430253
0.322781
0.420203
0.748007
0.608887
0.366535
0.326394
0.506796
0.687427
0.221966
0.738290
0.585874
0.258836
0.522460
0.670274
0.397949
0.229706
0.602234
0.839674
0.656012
0.291246
0.336052
0.363702
0.425805
0.159124
0.568264
0.689297
0.479883
0.685191
0.698471
0.630198
0.485758
0.487961
0.392911
0.771605
0.411752
0.801271
0.403486
0.175623
0.763721
0.621963
0.592359
0.512895
0.402696
0.684768
0.647322
0.560574
0.636397
0.767149
0.265387
0.809530
0.208646
0.363747
0.795600
0.553958
0.913448
0.506378
0.659636
0.553321
0.800275
0.476094
0.746354
0.739925
0.538667
0.586039
0.657210
0.737586
0.762656
0.672036
0.873542
0.300546
0.684590
0.407200
0.872018
0.524509
0.569697
0.473060
0.368726
0.655637
0.701536
0.769611
0.558708
0.771640
0.644739
0.614398
0.703616
0.634419
0.479982
0.714904
0.751778
0.613700
0.726699
0.592576
0.436928
0.572398
0.799061
0.666897
0.690755
0.561584
0.471068
0.556453
0.530218
0.758808
0.792190
0.663867
0.813629
0.724872
0.169252
0.745694
0.625494
0.713786
0.657285
0.858996
0.809147
0.865132
0.568139
0.773207
0.794387
0.557184
0.806011
0.766477
0.797581
0.517115
0.673540
0.787153
0.714615
0.476643
0.908465
0.688141
0.723231
0.723949
0.683103
0.838816
0.779878
0.855053
0.866249
0.909339
0.665099
0.777022
0.848853
0.813728
0.582749
0.625022
0.834386
0.737355
0.837281
0.856405
0.779783
0.779563
0.710478
0.848309
0.669794
0.692507
0.854551
0.744858
0.829315
0.847067
0.718770
0.748790
0.576866
0.850856
0.683609
0.788969
0.788289
0.835055
0.619865
0.725121
0.884588
0.601959
0.951591
0.829550
0.783684
0.750729
0.771199
0.868028
0.742963
0.861530
0.909804
0.859645
0.714882
0.421436
0.833744
0.604213
0.865667
0.799385
0.814256
0.808949
0.689796
0.721000
0.830886
0.596300
0.668655
0.842388
0.842684
0.644778
0.881852
0.670801
0.730814
0.736917
0.757414
0.768479
0.787844
0.704760
0.728320
0.740563
0.592522
0.762423
0.696348
0.690418
0.707082
0.816844
0.699607
0.803628
0.669727
0.755723
0.878502
0.750328
0.593599
0.742169
0.658650
0.895159
0.520777
0.779403
0.549865
0.806318
0.871326
0.667126
0.830899
0.687590
0.851096
0.541019
0.744586
0.781212
0.784575
0.837876
0.653221
0.842144
0.903923
0.883186
0.817917
0.936917
0.852337
0.860859
0.794235
0.854773
0.865568
0.811323
0.785689
0.813474
0.797849
0.877992
0.869115
0.833343
0.875197
0.592075
0.863754
0.756986
0.793642
0.640195
0.939186
0.787832
0.818804
0.808203
0.879212
0.879159
0.919062
0.891343
0.821400
0.797813
0.736585
0.529051
0.757570
0.918074
0.972398
0.798604
0.903799
0.866348
0.735619
0.810228
0.877329
0.650604
0.953801
0.818541
0.886277
0.939580
0.844293
0.840219
0.829898
0.812270
0.720824
0.821870
0.903275
0.892833
0.631276
0.796408
0.672615
0.896102
0.581483
0.844595
0.888552
0.933221
0.948815
0.748830
0.745916
0.588984
0.872091
0.889535
0.885196
0.763378
0.749453
0.833546
0.698556
0.878240
0.803708
0.909304
0.916485
0.913867
0.785456
0.829625
0.892963
0.718726
0.752575
0.796748
0.844789
0.840610
0.840693
0.904420
0.671513
0.715498
0.865225
0.918963
0.810809
0.823867
0.893515
0.930144
0.911381
0.672862
0.800947
0.894975
0.903957
0.776021
0.788079
0.908673
0.887563
0.771711
0.873842
0.870223
0.902118
0.869009
0.799952
0.765034
0.810308
0.776305
0.850927
0.763378
0.632481
0.752926
0.787965
0.877805
0.855562
0.733988
0.870960
0.868525
0.792789
0.834552
0.880985
0.912327
0.969368
0.869705
0.834011
0.801871
0.786937
0.911068
0.875130
0.522664
0.700782
0.779932
0.797667
0.813356
0.858701
0.783642
0.717559
0.682879
0.821588
0.777182
0.898285
0.640415
0.887427
0.874062
0.887461
0.853912
0.719407
0.756236
0.764549
0.862154
0.841425
0.624421
0.886128
0.671800
0.834183
0.871253
0.848917
0.737507
0.858367
0.942035
0.919742
0.831546
0.873722
0.898512
0.880286
0.888708
0.789758
0.821012
0.924004
0.878629
0.942178
0.922666
0.809641
0.882633
0.889963
0.916037
0.548131
0.845653
0.865951
0.923123
0.823238
0.929633
0.529717
0.430867
0.247215
0.732505
0.474531
0.611583
0.166464
0.544352
0.618962
0.550231
0.556207
0.293145
0.630131
0.413729
0.536174
0.494324
0.589177
0.612648
0.252152
0.444667
0.614708
0.491181
0.488833
0.738814
0.601348
0.335713
0.529281
0.303625
0.750632
0.718337
0.457901
0.500914
0.615139
0.652817
0.677456
0.751778
0.507732
0.484467
0.252468
0.731076
0.348448
0.511933
0.677022
0.405418
0.501664
0.630381
0.523865
0.531077
0.577905
0.554445
0.388888
0.718206
0.626755
0.579318
0.595704
0.588315
0.692697
0.652299
0.636567
0.646808
0.469203
0.451945
0.594832
0.590798
0.553312
0.522907
0.556309
0.561408
0.677353
0.471111
0.572411
0.619661
0.707762
0.786199
0.400474
0.576637
0.723551
0.527024
0.546883
0.572796
0.598273
0.716083
0.472652
0.751250
0.438923
0.417280
0.578982
0.461126
0.727803
0.628000
0.573635
0.411802
0.599754
0.712051
0.808980
0.761615
0.552266
0.716345
0.749418
0.597142
0.489385
0.708086
0.526076
0.784904
0.679486
0.329673
0.542378
0.615928
0.811453
0.751090
0.709470
0.365070
0.613059
0.610911
0.608845
0.841514
0.730630
0.674918
0.682561
0.834354
0.864737
0.684501
0.665368
0.625017
0.654053
0.392968
0.644739
0.687285
0.652558
0.659888
0.613452
0.553819
0.654433
0.718513
0.550231
0.601073
0.542577
0.669543
0.663705
0.603518
0.673170
0.678781
0.510435
0.694072
0.624255
0.771699
0.683187
0.491226
0.667340
0.834813
0.557754
0.790192
0.238791
0.725077
0.554631
0.680544
0.698471
0.657455
0.610930
0.760059
0.578064
0.575898
0.663219
0.547150
0.625227
0.663462
0.650967
0.752122
0.505151
0.612835
0.538223
0.685045
0.721391
0.695748
0.788819
0.689554
0.513733
0.555749
0.804156
0.684188
0.621271
0.712790
0.715318
0.594723
0.814554
0.624674
0.623816
0.680357
0.480550
0.779676
0.494942
0.579424
0.708691
0.577588
0.656713
0.593472
0.393857
0.616229
0.525467
0.669993
0.404565
0.668625
0.689617
0.536780
0.654093
0.663259
0.669564
0.568113
0.894940
0.667462
0.470781
0.490312
0.680731
0.360839
0.829303
0.825339
0.753592
0.726516
0.587275
0.632771
0.818716
0.242234
0.574774
0.651205
0.664698
0.720885
0.740461
0.575599
0.599717
0.611023
0.604310
0.810809
0.657476
0.688629
0.787424
0.711704
0.762406
0.580450
0.814629
0.431815
0.683291
0.635383
0.646256
0.814132
0.636878
0.569223
0.793987
0.847597
0.658962
0.594506
0.634472
0.739581
0.396135
0.530720
0.746337
0.777111
0.618433
0.785288
0.738723
0.706057
0.650788
0.677064
0.691134
0.557431
0.772995
0.589663
0.614183
0.485281
0.665937
0.509160
0.464828
0.472811
0.629977
0.553734
0.784737
0.630862
0.798020
0.624312
0.656854
0.679423
0.531206
0.274244
0.680669
0.636217
0.580397
0.645763
0.672677
0.813089
0.715689
0.556751
0.671323
0.578258
0.741977
0.713552
0.777894
0.718929
0.437065
0.524281
0.633060
0.743337
0.624445
0.608771
0.485888
0.866057
0.755458
0.707913
0.729471
0.779557
0.717023
0.601495
0.733534
0.473562
0.566312
0.721127
0.836624
0.791278
0.467702
0.780795
0.651643
0.682978
0.805089
0.744722
0.460423
0.719149
0.796827
0.644739
0.858400
0.502338
0.789469
0.542925
0.725254
0.718863
0.671078
0.558861
0.541766
0.645527
0.673437
0.641188
0.728070
0.633698
0.631343
0.726960
0.508771
0.688251
0.794520
0.565225
0.765320
0.680046
0.566572
0.663178
0.479422
0.580769
0.720357
0.814678
0.538174
0.763966
0.681666
0.719039
0.590906
0.821419
0.556903
0.585289
0.500089
0.814281
0.507391
0.610949
0.665408
0.795175
0.713030
0.361368
0.755688
0.689512
0.798897
0.649023
0.459875
0.719917
0.806712
0.559254
0.578329
0.665429
0.810933
0.775855
0.697853
0.661380
0.506556
0.718754
0.672944
0.663138
0.677684
0.549509
0.795855
0.666994
0.689975
0.738160
0.637364
0.585843
0.625761
0.641109
0.724303
0.724059
0.690291
0.716454
0.803739
0.626449
0.715973
0.801314
0.570911
0.800923
0.755342
0.776044
0.820041
0.739694
0.685526
0.766769
0.663280
0.533872
0.543008
0.799433
0.913818
0.783540
0.883624
0.755665
0.769042
0.384357
0.764479
0.495245
0.759827
0.745950
0.841591
0.837952
0.416224
0.801265
0.811156
0.637811
0.485177
0.775381
0.702961
0.651563
0.828493
0.698066
0.661844
0.641188
0.511106
0.754743
0.734139
0.605104
0.628882
0.783134
0.615552
0.771911
0.790216
0.343046
0.629650
0.475967
0.757304
0.822749
0.752489
0.718052
0.652459
0.327047
0.710662
0.738430
0.774081
0.725276
0.773491
0.630765
0.737192
0.711009
0.536321
0.631864
0.651484
0.843520
0.858662
0.643403
0.781105
0.680129
0.817318
0.719302
0.695748
0.851850
0.851304
0.713487
0.690924
0.654892
0.797971
0.803616
0.681542
0.743564
0.688230
0.701483
0.683666
0.633834
0.664576
0.833845
0.440587
0.753156
0.660432
0.601587
0.546099
0.392860
