-0.026938
-0.014767
0.003020
-0.013248
0.041972
-0.045553
-0.067807
-0.048870
0.032713
-0.116780
-0.048277
-0.149226
-0.000648
-0.083429
-0.002351
-0.071116
-0.050637
-0.032423
-0.015394
-0.150549
0.013853
-0.029528
-0.037474
-0.022392
-0.098699
-0.125415
-0.075310
-0.061359
-0.195171
-0.203758
-0.200566
-0.045410
-0.171176
-0.280530
-0.339368
-0.273434
-0.131188
-0.303083
-0.225594
-0.310822
-0.244090
-0.226714
-0.272205
-0.243750
-0.111648
-0.564351
-0.196816
-0.364871
-0.358877
-0.474521
-0.384066
-0.816115
-0.499916
-0.605130
-0.760174
-0.527410
-0.980423
-0.830032
-1.285052
-0.662906
-0.879018
-0.506118
-1.255726
-0.973918
-0.659443
-0.548986
-0.095151
-1.207928
-0.604346
-0.657331
-0.230480
-0.559379
-0.299052
-0.369105
-0.291498
-0.481426
-0.499084
-0.434459
-0.442852
-0.318080
-0.296482
-0.560077
0.159351
-0.433225
-0.320942
-0.114168
-0.423191
-0.309716
-0.297166
-0.159315
-0.308527
-0.477233
-0.158418
-0.288540
-0.150407
0.227557
-0.121184
-0.143522
-0.084748
-0.171994
0.024367
-0.109807
-0.297686
-0.238663
-0.212817
-0.113630
0.009905
-0.104045
-0.225387
-0.195871
0.205979
-0.109772
0.248900
0.009004
0.008990
-0.071830
0.000511
-0.018881
0.008500
0.001977
-0.035077
0.033692
0.312920
0.008441
0.022350
0.624546
0.010840
0.227914
-0.017403
-0.095133
-0.017109
0.281492
0.114802
-0.133686
-0.028708
0.009194
-0.209965
-0.302862
0.172255
0.009641
-0.090627
0.007097
-0.052371
0.469738
0.146817
-0.026109
0.485261
-0.132045
-0.067130
0.134501
-0.095599
-0.091926
-0.035966
-0.186417
-0.089849
0.026907
0.081855
0.007604
-0.050643
0.359325
0.041498
0.329001
0.726914
-0.095555
0.007397
-0.101812
-0.071655
-0.009236
-0.185864
-0.055411
-0.182226
0.006505
0.116706
-0.113366
0.004266
-0.070635
-0.123282
-0.061878
-0.146664
0.006438
0.166205
-0.176179
0.063366
-0.174469
-0.083708
-0.101930
-0.096389
0.005314
0.220976
-0.057227
-0.069852
0.001165
0.026986
-0.071030
0.301451
0.004459
0.057779
-0.101133
-0.006570
-0.016100
-0.118590
-0.058698
-0.035449
0.024002
0.003372
-0.077726
0.027304
-0.066904
-0.001147
0.292384
-0.034630
-0.093536
-0.123348
0.222093
0.014852
0.004614
-0.045728
0.028410
-0.075761
-0.007749
-0.020487
-0.004186
-0.035303
-0.004729
0.002777
0.334345
0.002553
0.002538
0.096254
-0.002316
-0.097797
-0.054747
-0.071302
-0.039227
-0.154485
-0.034014
-0.007263
0.098412
-0.069970
0.032846
-0.068800
-0.017891
-0.115046
-0.071622
-0.055293
0.068490
-0.003344
-0.055164
-0.084276
0.001661
-0.044167
-0.011929
-0.012575
-0.024355
0.051228
-0.016289
0.017841
0.001740
0.019758
0.240422
-0.018806
0.005813
0.187248
-0.057502
-0.066469
-0.051818
-0.055998
-0.107456
0.123974
0.159540
-0.071976
0.001601
-0.023362
0.047836
-0.052936
0.079685
0.001299
0.001713
-0.065832
-0.067407
0.001496
0.001708
-0.038551
0.162352
-0.084688
0.006604
-0.124381
-0.112027
0.104358
0.080123
0.016055
-0.071435
-0.116200
0.001050
-0.054683
-0.104359
-0.013965
-0.119485
0.060301
-0.058502
-0.016251
-0.022286
-0.024820
0.001665
0.206167
-0.044408
0.217950
-0.026744
-0.046639
0.133235
0.050483
-0.029191
-0.060321
-0.048153
0.190141
-0.140811
-0.092710
0.013757
0.088582
0.030773
-0.024826
0.004981
-0.103238
0.028998
-0.149212
-0.020124
-0.099662
-0.010327
-0.108595
-0.069793
0.072309
0.236524
-0.070938
0.025771
0.001548
0.006878
-0.119041
0.001566
-0.172401
0.016575
-0.180186
0.085565
-0.087186
-0.191575
0.024671
-0.125323
-0.146381
-0.082235
0.040063
-0.048336
-0.016091
-0.044897
0.072238
-0.069318
-0.017000
-0.035442
-0.055994
0.352939
0.177532
0.022241
0.102227
0.193318
-0.003116
0.096928
0.001102
0.091977
-0.064053
0.215777
0.014012
-0.058179
0.001796
-0.090428
-0.094427
-0.066920
0.029205
-0.128094
-0.035921
-0.126853
0.000901
0.035683
-0.043640
-0.059243
-0.179305
-0.099865
-0.040611
0.045728
-0.014575
0.000673
-0.039234
0.069677
0.210638
0.000886
-0.014818
-0.042699
0.068295
-0.028446
0.103522
-0.036959
-0.029475
0.034247
0.034328
-0.045711
-0.136941
-0.102046
-0.080964
0.326601
-0.088698
-0.168225
-0.065329
-0.077456
-0.097987
-0.097901
-0.076872
-0.041046
-0.041032
-0.069971
0.008413
-0.008808
0.141269
-0.022340
0.101277
0.017918
-0.036316
0.142586
-0.042959
0.098757
-0.030505
0.000841
-0.081463
-0.087929
-0.050829
0.006132
0.037723
-0.043865
0.173337
-0.081572
-0.025529
-0.067989
-0.029592
-0.083679
0.271160
-0.081756
-0.108483
-0.051065
-0.037201
-0.051217
-0.014047
-0.004905
-0.048638
-0.015051
0.000891
0.203154
-0.003618
-0.019208
-0.046141
0.029624
-0.055940
-0.040357
-0.041365
0.000660
-0.019716
0.000892
0.000646
0.052452
0.115853
-0.007098
0.129049
-0.040656
0.129112
-0.039124
-0.028370
0.119212
-0.038198
0.025562
-0.030876
0.091675
-0.013316
0.014529
0.000878
-0.106700
-0.083757
0.023766
-0.144898
0.073695
-0.020383
-0.124596
-0.067994
-0.048224
-0.109781
-0.057794
-0.112486
-0.098743
0.054822
0.051006
-0.114421
-0.008791
-0.089262
0.086649
0.000887
-0.032398
3.655369
1.528652
-0.002795
2.627703
0.602731
1.035218
0.208168
0.734338
-0.180201
0.911169
0.842131
2.535402
-0.553251
-1.069447
-0.864418
-0.142039
-2.185880
0.256881
-4.048377
-0.324311
-0.812217
-0.548251
-3.216935
-2.899605
-1.657220
-0.494370
0.370189
-0.557301
-3.720840
-2.153609
-1.202406
-3.335570
-2.685987
-1.928129
-4.620466
-1.266068
-1.987413
-4.537607
-4.307518
-2.879883
-2.807846
-2.128582
-3.019818
-3.620672
-2.670233
-4.004945
-3.511648
-3.631430
-2.975872
-3.723183
-3.172132
-1.413922
-3.366695
-1.510368
-2.474630
-1.299061
-1.521186
-1.092306
-0.713223
-1.185151
-0.751069
-0.399395
-0.484139
-1.420126
0.292658
-2.120782
-0.630289
-1.051769
0.067404
-0.755384
0.074939
-0.191668
-0.984313
-1.301538
-1.630380
-1.610977
-0.405158
-0.242107
-0.761527
-0.397428
0.273590
0.848344
-0.071468
-1.559110
0.060547
-0.268172
0.803493
-1.271847
0.697215
-0.476797
-0.099662
-1.462382
0.087089
-1.543235
0.211109
0.510619
0.002675
0.124130
-0.887403
0.531975
-0.433622
-0.045495
0.404830
0.363403
0.360889
0.440486
0.363786
0.127367
-0.115099
-0.055378
-0.232276
-0.180847
-1.246529
0.098616
-0.641739
-0.041557
-0.622218
-0.180818
-0.010675
0.791094
0.038888
-0.913057
0.164738
-0.487322
-0.313583
-0.601392
-0.361147
1.427782
-0.037686
-0.270955
0.334820
0.130173
0.025447
-0.775350
-0.105424
0.557902
-1.465772
-0.769112
-0.092521
-0.545796
1.007292
-1.005297
0.509460
0.049348
-0.214472
-1.222085
-0.287139
-0.363981
-1.199510
-0.819322
-0.054471
-0.338473
-0.434492
-0.854650
0.018636
0.104203
0.724274
0.150395
-0.654616
-0.286341
-0.424928
-0.742175
1.579813
-0.580406
0.631048
-0.852062
-1.102224
-0.132933
-0.690849
-1.016121
-0.831051
-0.204337
0.269651
-0.076607
0.206842
-1.915672
0.594743
-0.729272
-0.455133
0.108959
-0.688736
-0.089096
-0.070390
-0.343246
-0.104584
0.600789
0.074219
0.222057
0.155732
-0.645550
-0.967380
0.144230
0.019627
0.230513
-0.290464
0.358728
-0.832621
-0.006688
0.218819
-0.285358
-0.551912
-0.492994
0.580211
0.775885
-0.358444
-0.123454
-0.067029
-1.152026
-0.678264
0.422271
0.224861
-0.043341
-0.506457
0.237827
1.438189
-0.025041
0.106606
0.319555
-0.068526
0.036409
-0.502614
-0.129480
0.394619
0.047861
0.928206
0.410998
-0.730866
-0.200409
0.329089
-0.505866
-0.177428
0.210639
0.712111
0.198509
-1.482566
0.145297
-0.494029
-0.197405
-0.210661
-0.273647
0.243552
-0.329772
0.043921
-0.099220
-0.731373
-0.989843
-0.195757
-0.322651
0.356141
-0.028253
-0.164744
-0.238389
0.041014
0.464196
-0.404872
-0.425399
0.104926
-0.437981
0.030937
-0.247633
-1.128668
0.972458
-0.132917
0.695949
-0.075686
0.492177
-0.332188
-1.135248
-0.515215
-0.108050
0.279556
-0.277868
-0.727759
-0.237743
-0.778185
-0.403576
0.540046
-0.219511
-0.286624
0.219743
-0.124065
0.191266
-0.008921
-0.321319
-0.581215
-0.562947
-0.614286
-0.462119
0.114716
0.005959
-0.372189
-1.176312
-0.366050
-0.110528
0.043247
-0.094510
0.114576
0.397210
0.297009
-0.302396
-0.180510
-0.462505
-0.449325
0.104492
-0.082387
-0.826052
0.153606
0.159172
-0.153414
0.193134
-0.717629
-0.720402
-0.314162
0.020012
-0.506081
-0.177575
1.108031
-0.294546
-0.327194
-0.136120
-0.623834
-0.032338
-0.262528
-0.061987
-0.173934
-0.265535
-0.200874
0.279143
-0.152392
-0.007791
-0.204484
0.288403
0.047575
-0.041857
0.075684
-0.986716
-0.138331
-0.070874
-0.164334
-0.156951
-0.532037
0.287678
-0.389798
-0.368929
-0.273373
-0.373488
-0.121406
0.436407
-0.335543
-0.175491
-0.625107
-0.228058
-0.549577
-0.125452
0.172650
-0.077848
0.202622
-0.189218
0.013737
-0.383215
0.376987
0.874132
-0.119357
0.484579
-0.137125
0.264794
-0.360133
-0.035314
-0.445070
-0.063322
-0.027318
-0.087822
0.931453
-0.323072
0.172927
-0.072632
-0.098382
-0.059474
0.241664
-0.495023
-0.162332
-0.210577
-0.681849
-0.172986
-0.380767
0.554013
-0.193397
-0.643434
-0.818755
-0.198309
-0.429063
-0.408971
0.094740
-0.266771
-0.519744
-0.707387
0.205032
0.029459
0.106844
-0.423170
-0.284300
0.111990
-0.385582
-0.429788
0.063063
-0.013154
-0.481092
0.232589
-0.487323
0.139445
-0.102303
0.021383
0.665637
0.254701
-0.097587
-0.504281
0.223668
-0.056617
0.156952
-0.021837
0.016334
0.089696
0.044001
-0.375425
-0.180232
0.238957
-0.282951
0.196379
-0.516262
0.303216
0.064724
-0.054489
0.270867
-0.162468
-0.379601
-0.566240
-0.067815
0.004937
0.145000
-0.441376
-0.524921
-0.330125
-0.048796
-0.059947
-0.317888
-0.271178
-0.386349
-0.300332
-0.943044
0.115240
-0.271179
-0.101936
-0.143221
-0.309558
0.008577
-0.765982
-0.534642
-0.070766
-0.381801
0.183213
-0.569337
0.100861
0.301716
-0.056873
0.034766
-0.167621
-0.352163
-0.535897
0.263239
0.044053
0.108337
-0.221370
0.115190
0.105027
-0.149897
-0.023899
0.405097
-0.014782
0.031382
-0.231110
-0.120957
0.378550
0.512687
-0.215136
0.051077
-0.248741
-0.120992
-0.402814
0.053624
-0.545123
-0.141775
0.020756
-0.607272
-0.230961
0.191362
-0.174087
0.038076
-0.075745
-0.666895
0.074673
-8.847572
-9.808655
-0.597311
5.428818
-15.892590
-4.969153
0.397072
-5.543890
0.069888
-8.016910
-0.690461
2.902577
1.378387
1.677322
-4.527348
-1.839148
-10.803813
-15.909041
-12.886212
-13.171000
0.727209
-1.829557
-1.482184
-4.408458
-3.554401
3.807877
-7.730259
-8.562051
-3.890284
-1.470001
-29.006330
-2.942517
0.023457
0.287041
6.333393
-3.724771
4.291658
3.926965
0.389921
0.524577
1.079873
0.698455
6.584843
-1.587054
-0.574606
-0.003507
2.395771
2.835845
1.034212
-1.670614
2.402704
-4.451436
-2.249312
4.689765
1.898425
-2.794238
-3.425827
-1.727499
-4.397064
6.163640
3.410786
1.611528
-0.154319
-6.646216
4.230747
-6.303963
0.837534
5.212071
0.914481
6.497268
0.263689
3.830464
6.960554
-0.359993
-2.601282
-2.214622
-0.976059
0.163813
3.990119
0.285691
-8.198750
-0.115881
4.048437
-2.210270
-0.871747
2.101514
-0.209941
-6.490090
1.779809
1.224495
-1.355672
-1.963989
-7.344524
2.831264
1.197984
0.162619
-9.106604
-7.017497
-3.983575
-1.591411
-1.295363
2.820526
-2.637792
0.878265
1.752136
-3.474224
-10.323405
-3.405873
-1.425113
-4.379525
0.077201
1.033364
-0.139700
0.578677
-0.865408
1.508867
4.454656
-2.696560
-0.395729
2.527852
-4.558120
-4.119104
1.192544
0.383651
3.441197
2.580672
-1.339848
0.493147
0.926687
0.288284
-2.021816
1.084885
0.215284
0.159529
-4.177835
-1.937493
-3.547562
-5.601101
-3.066225
-1.760508
1.475301
2.271639
0.905631
1.710075
-5.585621
-2.159445
-0.717798
-2.909185
2.693216
-0.684819
-5.267979
1.041208
0.970747
0.392117
4.890966
-2.051199
2.336764
0.826473
2.059596
1.686668
-0.253633
2.112235
-1.999542
0.783172
1.472795
4.429466
-2.328222
-1.410870
-0.157176
-4.037350
-1.545863
4.019675
1.172542
-2.087296
1.116759
-1.026871
-0.575944
-2.027439
-1.122241
0.296095
-1.810476
1.524050
1.191646
1.189225
-1.833907
-1.252289
-4.103286
-2.528345
-4.784319
-2.416310
-1.329313
-1.680143
-0.425627
-6.290491
-3.077911
0.647459
1.120228
0.532593
-2.223772
-1.549985
0.124022
-1.918142
-2.351705
-0.253630
2.486531
0.727178
-4.775023
0.438079
-0.158340
-0.162840
-0.422420
0.395087
1.494188
-2.620084
2.622014
-1.643786
-2.356450
0.119311
-0.481253
0.315523
2.582651
2.465180
-0.156169
2.254105
-0.019406
-0.068392
1.316106
-2.539020
-0.268102
-2.328858
-1.190643
-1.755183
0.559446
0.308525
1.087732
-2.335668
-2.596667
0.980103
-2.073089
-0.891732
0.557294
0.472691
0.251980
-0.631428
0.317185
0.461204
0.650853
-2.482993
-2.739149
-1.554066
-0.219937
-2.916574
-2.453980
1.286356
-4.868800
2.093766
-0.322449
0.783790
0.068505
-0.138910
-3.021675
-2.384010
-2.058443
0.467205
-2.854659
1.148209
-2.185730
-0.539617
2.677616
-0.530232
-1.325868
-4.722626
-0.137046
-4.843915
1.927703
-0.779680
1.739353
-2.907390
2.043067
-0.292147
-1.306560
-6.167703
1.681430
-1.236136
0.316867
2.028806
1.003877
-3.780647
-0.319714
0.811773
0.028629
1.460474
3.143134
1.545536
0.718494
-1.426363
-1.034073
-3.211811
-1.324340
-1.344118
-0.202668
-2.456685
1.264559
-0.874755
-2.366879
-1.432716
-2.737986
-2.700485
1.162714
1.293904
1.025618
-0.154168
0.215602
1.017481
-0.614198
1.872445
-2.150315
-0.368661
-0.889559
-3.928357
-2.512270
-0.925933
-3.165778
-2.354703
-0.545476
-1.670481
0.353389
2.822458
0.152824
1.755490
0.404761
1.454152
-0.265168
-2.239398
-1.466738
-0.404352
0.399251
-1.987214
-2.401975
0.535435
-4.048298
-0.238375
0.188946
-1.446636
-1.097811
-1.251470
-0.148257
1.928359
-0.714458
-0.269771
0.767519
-0.965015
-2.061917
-3.837911
0.585938
-2.880982
0.230359
-0.585148
-0.739580
0.316781
0.845426
-3.745272
1.062827
2.093501
0.361522
1.016148
-1.258756
-0.567387
-2.543111
-1.112694
-0.735040
-1.520300
0.118211
0.082513
0.347553
-2.096276
-1.787560
-0.910786
0.012284
2.130936
-0.845582
-1.216174
-3.923040
0.929223
0.791295
1.616759
-1.522578
-0.657356
-0.843261
-0.915886
0.775183
-3.923005
-0.949381
0.904234
0.327966
-0.678126
-1.958572
1.367302
-1.073244
-0.928049
1.701319
2.353259
-2.788430
0.016128
0.170336
-0.224641
0.791027
0.123035
-2.535298
-0.759896
-2.881022
-0.790915
-1.061429
-2.844120
-2.351080
-1.444146
0.934809
-0.785123
0.022067
1.360142
0.676430
-1.716546
0.660309
2.076487
3.421746
-1.789512
1.037808
-1.217136
-2.515161
-1.535265
-3.199666
-0.066878
1.260557
0.233613
1.233563
-3.574890
-2.487176
-2.107722
0.119708
-2.150332
0.335844
-3.548575
-0.065593
-0.953118
1.974920
1.069709
0.649486
2.617619
0.437868
-0.116169
1.607899
-0.949825
-1.490309
0.873481
-1.215575
-2.271296
-0.782620
-1.041020
-0.976135
-0.065037
0.529448
-0.796762
1.319292
-0.218718
-0.310117
-4.573137
2.134283
-0.475593
-0.109479
-0.348605
-1.006953
-1.545791
-3.625596
-1.954605
0.198792
-4.970809
-0.868684
-1.194382
0.603837
-2.199898
1.106199
-0.219481
0.414773
1.553012
2.924721
0.064928
0.282177
-2.284265
0.426126
-1.089882
-0.504630
-2.095571
-0.273698
-0.924480
0.117979
-1.550246
-1.171305
-1.918176
-2.684840
0.827412
10.932279
9.045094
6.132499
-1.462132
11.674335
1.160026
-0.193353
-7.780539
-1.656056
-1.553090
-7.955786
-0.005928
0.601648
-13.054635
8.526983
-7.929570
-0.293852
-0.820592
5.257481
-4.726837
-7.727674
2.416426
4.717889
1.615304
-7.651179
6.337502
5.110261
5.372500
1.584155
2.363882
1.230103
0.442938
3.704790
-1.218260
1.916359
-4.937289
-14.565122
-6.689562
-1.042723
0.864374
8.523844
4.562569
0.549868
-6.159156
10.814596
1.591843
3.822484
5.823828
-2.661165
-4.108215
3.096969
0.495130
-2.438823
-13.436563
3.464171
-4.629785
-3.017221
-9.221164
-4.750148
-13.033121
-2.425437
-13.154712
-3.725019
-7.912128
2.633424
-6.774167
-5.165797
4.082459
-1.483734
0.942086
-7.581264
10.303188
-3.745790
7.420580
13.649538
-11.485936
1.207329
1.882550
-7.029764
-0.133334
0.035094
0.171759
5.929408
-3.413662
-5.557617
-15.039919
-5.238371
-6.569934
-9.622723
-4.439197
-5.800965
-10.101954
-6.739385
2.732896
4.333522
4.491808
0.392487
2.320145
-0.213821
0.823632
-9.492067
0.840799
7.174983
-2.658588
-10.244853
0.752751
-2.665224
-2.752491
-4.486557
-2.327594
-2.188173
-2.505270
-2.653264
-7.020790
-4.751896
-4.140535
-1.497096
-0.817887
-5.444585
-5.470969
3.217631
-6.113432
3.364485
2.008375
-2.713826
2.389735
-3.557257
2.967590
-0.167154
-5.232503
-5.989478
-11.101536
-7.040488
-8.415962
1.010513
4.188956
0.912422
-3.394045
0.935670
-4.875958
-14.897909
5.897443
4.658209
-3.121782
8.270709
2.012775
-2.001318
3.854128
-5.168195
-10.371812
-8.090233
1.750656
-5.860094
-5.408701
-5.652372
-5.003048
-16.416363
-4.213481
1.655212
-4.349197
-3.863363
4.014104
-1.690482
-9.640982
-12.015212
-3.670159
-5.600889
-4.474953
-7.388578
2.630955
-3.369237
-2.614912
-2.402711
-1.064362
3.660143
4.562931
-0.870535
-11.937490
-7.321079
8.208525
-4.916870
-4.148888
-10.414151
-4.833745
1.615951
-0.246312
2.040121
6.012566
-5.417323
2.034275
5.700081
0.028685
-4.208996
10.319460
-1.565489
-0.985408
10.324743
-2.659749
-6.555360
0.892936
-2.746150
-9.717498
-4.540703
-1.705179
-8.920256
-10.516436
-4.829862
-20.481304
0.126017
-15.289639
8.429332
-8.811572
-9.534643
5.004002
3.716113
-10.377300
3.327822
1.172383
2.860845
-0.169908
-0.113580
7.170567
-1.883241
7.084178
-3.831014
2.208331
3.987911
-3.170844
-11.256149
-3.355741
1.121241
-11.047709
-1.206233
0.978233
-13.427523
1.152285
7.664212
2.967597
-3.429018
-6.900856
1.741799
-10.465256
-6.446447
2.752768
1.348875
-6.048895
-9.095009
-3.848526
2.194501
-10.984410
-12.285888
-6.763511
3.809406
8.246502
-0.976270
5.853429
-8.731234
-1.387652
-0.801359
-5.484147
-1.629442
-3.260906
-4.202469
-0.879606
-16.927467
5.598738
-9.150845
7.532073
-2.620008
2.589576
2.085748
5.375128
-7.877020
3.644360
0.941161
1.334633
-2.400562
-4.391495
-11.346020
0.587283
0.495992
0.996534
4.920041
-10.233800
-14.163074
-7.174732
-0.912826
2.424121
-1.617747
5.045576
0.745978
-8.226955
-7.069960
-10.553026
-4.174000
-4.454444
-1.572781
-6.055383
-7.466836
-1.462934
9.316694
0.443618
1.322806
0.301316
3.136598
2.057236
2.434021
0.125261
3.119172
-12.896655
-10.248621
-2.561783
-18.647354
-3.430111
0.071575
2.641918
-0.672995
-3.422982
1.601656
-15.835859
-2.268760
-5.291718
-16.211390
-7.666046
-4.308966
3.358062
1.623817
0.796184
-1.273085
-3.726665
1.449758
1.434013
-3.742579
6.533264
-4.339175
6.279401
9.598967
-4.286947
-2.022747
3.268722
-8.714890
-9.266850
-6.768508
-8.360657
-10.688995
-8.280425
-9.373940
-5.151221
-6.328014
-15.536157
-11.661419
-11.158991
6.816538
1.290999
6.016090
5.866908
-0.681416
-1.509657
-2.552745
3.790786
-1.151462
4.125000
4.833896
-3.660930
-4.857596
-11.099079
-4.982080
5.183177
-0.251699
-2.132459
-6.656096
-6.664061
5.113330
-6.173229
-18.614479
3.769451
-2.473666
2.404077
-7.580309
-12.523174
3.792477
-0.179871
-3.250880
-6.746771
7.076422
-1.259449
-2.977326
-4.143839
8.547436
-12.738268
-1.103087
-2.890386
-1.722222
-7.574556
-9.461493
-1.079909
-5.384112
-9.450945
-3.357712
1.707102
7.703799
4.598937
-5.369986
4.531478
8.428753
-2.950228
-1.189551
-0.896129
3.080722
-4.989370
-2.724569
0.360497
-2.368988
-2.479043
-2.952628
-11.418745
-0.163017
-6.789763
-0.891104
-4.067456
-2.668215
-10.446152
-4.282717
0.282916
5.060165
-1.498027
-3.139800
-5.298481
-10.373438
-3.437762
-1.675635
2.777015
-7.175200
4.140385
-7.754786
-5.117038
5.511299
5.863147
-7.475955
-3.061803
-5.846703
2.077795
-4.982406
-2.103292
-2.482526
-7.138815
-7.759740
1.898160
-9.261382
-4.931311
-10.498470
0.947676
4.038060
1.122586
0.390357
-5.007878
-1.301261
2.367739
5.579874
-3.772529
4.265301
-6.908589
-0.123404
7.985691
1.191518
-1.386473
5.894032
-4.783630
-0.173841
-1.218520
-11.172506
-2.908950
0.838092
0.684724
-1.722064
-1.179080
-6.480041
1.628252
-2.945177
-3.672147
2.829144
-7.022082
4.869391
-1.611105
-5.358645
0.245851
-6.330948
-6.289489
-6.697424
-5.518156
-6.599041
-10.703842
-2.756843
0.797204
-0.421559
-3.171228
-3.101298
-10.732404
-5.507124
-5.387884
