0.172571
0.181033
0.164591
0.176948
0.288105
0.168877
0.230298
0.292307
0.177616
0.115095
0.173773
0.226890
0.227063
0.281358
0.125953
0.823853
0.183589
0.174645
0.120618
0.125752
0.123039
0.113274
0.240199
0.121844
0.294686
0.176030
0.176510
0.237663
0.185386
0.237696
0.234916
0.231329
0.940582
0.240012
0.237032
0.142308
0.240998
0.306208
0.125896
0.350531
0.185475
0.304650
0.193550
0.183494
0.256528
0.136996
0.155144
0.207591
0.254189
0.193596
0.259856
0.266567
0.259067
0.540398
0.280160
0.292878
0.383817
0.386732
0.383757
0.306346
0.462939
0.461128
0.518531
0.520662
0.401285
0.443329
0.617742
0.485162
0.535024
0.586176
0.646968
0.671806
0.565474
0.765537
0.640718
0.763075
0.716719
0.772504
0.781073
0.816364
0.899847
0.902110
0.949916
0.906410
0.811661
0.681580
0.867585
0.899079
0.935432
0.912407
0.975393
0.974257
0.946599
0.308871
0.914871
0.959123
0.942384
0.977679
0.968621
0.213467
0.914398
0.973744
0.946390
0.948589
0.998955
0.999993
0.952738
0.976009
0.977170
0.977711
0.956110
0.176859
0.999992
0.186114
0.999921
0.979157
0.979414
0.855501
0.979174
0.998876
0.997459
0.978021
0.999992
0.405660
0.963171
0.960539
0.904392
0.999995
0.665853
0.984786
0.976026
0.987416
0.999992
0.700280
0.972959
0.990749
0.999992
0.939773
0.963398
0.903275
0.877217
0.888156
0.951544
0.993114
0.962467
0.936000
0.999998
0.415926
0.833943
0.972236
0.843324
0.977603
0.934573
0.977462
0.983265
0.963090
0.977627
0.525635
0.992470
0.985616
0.974912
0.961954
0.980442
0.925578
0.973267
0.985611
0.999969
0.992290
0.999960
0.999966
0.996231
0.933641
0.995401
0.960167
0.979674
0.936706
0.999953
0.920488
0.575865
0.935764
0.661867
0.929405
0.982953
0.991141
0.999937
0.985935
0.957828
0.983188
0.992287
0.983318
0.969823
0.982528
0.974251
0.979915
0.999942
0.978798
0.960158
0.957425
0.987446
0.970947
0.764274
0.752896
0.994465
0.990220
0.977024
0.989481
0.986408
0.977407
0.983861
0.975687
0.921067
0.929426
0.987182
0.989143
0.990319
0.990662
0.991358
0.977123
0.974951
0.972602
0.798122
0.994796
0.991702
0.877594
0.824386
0.839764
0.990123
0.881418
0.985224
0.981472
0.969772
0.972461
0.878973
0.991197
0.999991
0.976728
0.974969
0.968350
0.935723
0.955099
0.972729
0.990063
0.976325
0.982154
0.923518
0.963561
0.946492
0.971858
0.990902
0.965753
0.995027
0.994786
0.973236
0.999974
0.982561
0.976236
0.978278
0.962601
0.973171
0.992525
0.992541
0.975038
0.967743
0.963895
0.927157
0.988181
0.889725
0.995188
0.992226
0.985627
0.999992
0.972057
0.944636
0.999995
0.975357
0.979299
0.991118
0.982440
0.990942
0.991866
0.995057
0.992751
0.956237
0.992738
0.969002
0.994126
0.987468
0.994906
0.970385
0.995203
0.998799
1.000000
0.963607
0.988446
0.998824
1.000000
0.989863
0.971672
0.989496
0.990510
0.938205
0.983811
0.995456
0.991863
0.989829
0.956930
0.993205
0.970868
0.945821
0.997657
0.990749
0.994862
0.994687
0.994078
0.994442
0.995551
0.997629
0.998798
0.998782
0.995285
0.987953
0.984459
0.988894
0.999581
0.994385
0.996402
0.997398
0.999177
0.999170
0.995688
0.996046
0.994787
0.996825
0.999476
0.998055
0.999046
0.991983
0.996159
0.998996
0.999663
0.996612
0.999364
0.998143
0.999263
0.997585
0.740521
0.999985
0.998897
0.999214
0.812987
0.997485
0.998000
0.997704
0.999264
0.999993
0.994053
0.998360
0.993650
0.994716
0.999726
0.998723
0.998978
0.999984
0.998295
0.991950
0.997996
0.998701
0.997766
0.999563
0.999990
0.998486
0.999074
0.997674
0.999175
0.999276
0.999998
0.999327
0.999882
0.999999
0.999869
0.999886
0.988774
0.999896
1.000000
0.990005
0.840355
0.999485
0.792906
0.885888
0.999766
0.980838
1.000000
1.000000
0.999999
0.967633
0.992766
0.984681
0.988711
0.973737
0.999999
0.942492
0.987056
0.993544
0.996721
0.994817
0.975839
0.975047
0.990569
0.983827
0.997934
0.994715
0.991923
0.997271
0.998619
0.978734
0.951172
0.993300
0.999999
0.997885
0.927264
0.988087
0.993630
0.997493
0.947148
0.991286
0.986690
0.994594
0.992848
0.999295
0.995617
0.992990
0.997363
0.995732
0.980595
0.957575
0.996640
0.989517
0.993452
0.995032
0.995972
0.985662
0.998317
0.997465
0.998717
0.999418
0.996287
0.998018
0.998720
0.909208
0.939562
0.999335
0.954522
0.999644
0.999056
0.995038
0.996945
0.943955
0.987976
0.994772
0.934998
0.999914
0.998283
0.995838
0.943834
0.997117
0.999289
0.992591
0.990222
0.996547
0.999999
0.995413
0.944243
0.994842
0.915720
0.995450
0.963485
0.997440
0.987943
0.976392
0.985509
0.975551
0.998225
0.999984
0.993288
0.994740
0.951415
0.998813
0.988945
0.995661
0.997837
0.995668
0.963693
0.993398
0.999981
0.994208
0.996703
0.994992
0.995721
0.999984
0.995929
0.062877
0.137826
0.152676
0.131667
0.160885
0.067381
0.261459
0.164754
0.172656
0.259093
0.159286
0.068452
0.208843
0.079473
0.413456
0.236663
0.188583
0.284098
0.124104
0.152340
0.231189
0.087977
0.130074
0.187627
0.145803
0.116606
0.164245
0.133950
0.228192
0.182625
0.386099
0.377572
0.317706
0.456504
0.356442
0.361750
0.521029
0.426039
0.522945
0.460776
0.611329
0.638145
0.428721
0.724662
0.457243
0.683943
0.802406
0.667786
0.780870
0.750451
0.770669
0.738825
0.586630
0.829043
0.772111
0.243188
0.792072
0.795045
0.969401
0.674360
0.883647
0.870270
0.929597
0.581295
0.436352
0.866093
0.322275
0.885172
0.706890
0.961964
0.950046
0.501976
0.903668
0.598579
0.745865
0.624884
0.880216
0.914725
0.839607
0.747474
0.877822
0.917485
0.902975
0.803362
0.923268
0.891900
0.801580
0.868886
0.929197
0.737597
0.980679
0.883829
0.757391
0.778562
0.700782
0.840456
0.825714
0.906554
0.885453
0.919258
0.770372
0.983556
0.978982
0.984352
0.731048
0.930790
0.798428
0.957235
0.869181
0.846182
0.829344
0.951555
0.674519
0.965806
0.918490
0.683781
0.827981
0.885909
0.987831
0.854440
0.889251
0.921129
0.836662
0.944258
0.920627
0.967805
0.947108
0.919254
0.942214
0.513764
0.659472
0.924364
0.947354
0.905714
0.903230
0.779914
0.899410
0.920051
0.960277
0.855895
0.870798
0.991331
0.724073
0.845746
0.884615
0.983230
0.806220
0.930566
0.944726
0.947133
0.956592
0.959937
0.980817
0.491722
0.879736
0.978437
0.905244
0.886622
0.962302
0.829673
0.934165
0.531908
0.936445
0.868840
0.982697
0.923497
0.907108
0.734811
0.987191
0.970960
0.843513
0.604040
0.974035
0.928336
0.924008
0.926712
0.866807
0.998557
0.864453
0.902304
0.887353
0.761438
0.912156
0.963664
0.980612
0.836716
0.976159
0.949727
0.943646
0.929551
0.995044
0.862852
0.955808
0.865690
0.980256
0.977333
0.934889
0.906139
0.965331
0.746821
0.875678
0.974804
0.884558
0.975202
0.869735
0.986581
0.923511
0.992436
0.869407
0.884659
0.884160
0.906821
0.868429
0.865258
0.972197
0.974429
0.893204
0.954893
0.853541
0.793200
0.911388
0.926390
0.860561
0.979150
0.960431
0.913860
0.953779
0.932371
0.966090
0.946736
0.756929
0.912532
0.934311
0.938953
0.770369
0.920862
0.915377
0.756640
0.982454
0.979482
0.991406
0.970697
0.934714
0.929945
0.851710
0.906644
0.933855
0.972798
0.973192
0.948540
0.923278
0.903433
0.799403
0.948695
0.959776
0.986638
0.927369
0.923370
0.989079
0.942437
0.975991
0.958298
0.719862
0.971271
0.977415
0.954689
0.938462
0.951214
0.967329
0.894654
0.895333
0.969986
0.846944
0.902569
0.957607
0.973433
0.887827
0.950293
0.871446
0.696954
0.878934
0.934443
0.927773
0.772842
0.944939
0.990794
0.904223
0.894599
0.928375
0.971393
0.987104
0.968821
0.948279
0.866328
0.942178
0.928350
0.913055
0.955450
0.897008
0.957318
0.970763
0.958930
0.982754
0.861993
0.947574
0.964308
0.870472
0.994676
0.904271
0.920353
0.855021
0.900863
0.903457
0.961711
0.947177
0.996008
0.987944
0.943383
0.990125
0.974685
0.993796
0.980174
0.971274
0.989899
0.982559
0.984021
0.830379
0.851980
0.817599
0.942646
0.982094
0.956132
0.804478
0.989393
0.985272
0.989087
0.924011
0.983537
0.972424
0.974262
0.980439
0.954358
0.985701
0.922824
0.804770
0.979135
0.885811
0.981622
0.953961
0.954525
0.988103
0.997168
0.985611
0.884447
0.987918
0.912442
0.978818
0.974879
0.969394
0.987417
0.998584
0.964720
0.977508
0.905144
0.985460
0.951577
0.960017
0.927147
0.879430
0.974321
0.891057
0.980417
0.936117
0.997259
0.884582
0.955290
0.890153
0.858770
0.970219
0.890602
0.981236
0.821488
0.907488
0.941578
0.943783
0.976300
0.968149
0.983489
0.869808
0.895999
0.922180
0.939687
0.968008
0.961205
0.960842
0.905162
0.909221
0.949923
0.962882
0.922458
0.954179
0.969254
0.888474
0.966168
0.978623
0.967783
0.879739
0.922785
0.961109
0.933855
0.879474
0.917667
0.823295
0.966359
0.989132
0.953597
0.864529
0.896793
0.877410
0.841636
0.995632
0.930396
0.971226
0.978067
0.927684
0.973567
0.778722
0.968603
0.969309
0.960582
0.880363
0.934743
0.912358
0.972424
0.870754
0.982352
0.957085
0.980941
0.892802
0.958257
0.977564
0.970197
0.988340
0.989446
0.978008
0.903492
0.951845
0.883988
0.980466
0.972817
0.975507
0.968163
0.919724
0.950213
0.992667
0.970078
0.977105
0.936024
0.965906
0.941040
0.899726
0.957702
0.975895
0.945256
0.966411
0.876797
0.911937
0.975042
0.926047
0.906029
0.980417
0.892690
0.970226
0.984431
0.961575
0.867396
0.903299
0.979464
0.912094
0.967661
0.963543
0.923095
0.979109
0.933293
0.932634
0.943948
0.944027
0.977776
0.902624
0.948232
0.861129
0.928074
0.923881
0.969438
0.919981
0.944240
0.986961
0.983432
0.982367
0.970604
0.510420
0.442447
0.224790
0.383871
0.517430
0.484811
0.250137
0.634143
0.623750
0.748613
0.839091
0.715297
0.670852
0.269363
0.678175
0.471658
0.233839
0.679304
0.727487
0.628489
0.549178
0.101754
0.098494
0.513772
0.623926
0.743399
0.738673
0.202411
0.286619
0.554715
0.621015
0.514934
0.380564
0.270609
0.308392
0.824760
0.182161
0.505205
0.540812
0.434926
0.525940
0.120973
0.371547
0.578726
0.859862
0.529818
0.205476
0.833922
0.148981
0.192377
0.302737
0.245673
0.138194
0.751308
0.835590
0.632322
0.186609
0.854799
0.524073
0.312068
0.233141
0.085202
0.256849
0.195253
0.220560
0.455045
0.815182
0.289050
0.507372
0.496516
0.195954
0.116520
0.583225
0.620773
0.516665
0.676547
0.099066
0.377133
0.533656
0.663811
0.212827
0.842922
0.210659
0.874596
0.750866
0.459577
0.517671
0.425623
0.454230
0.328392
0.608353
0.202602
0.567086
0.306528
0.696146
0.641897
0.579380
0.687747
0.612956
0.664815
0.336265
0.622077
0.532330
0.919013
0.432534
0.692227
0.579822
0.480616
0.630381
0.692935
0.395543
0.364719
0.283509
0.334836
0.400025
0.622272
0.688718
0.518569
0.227978
0.102679
0.346809
0.661708
0.165717
0.646729
0.362602
0.684569
0.459058
0.531892
0.208983
0.092898
0.173230
0.773213
0.696257
0.503328
0.603352
0.427514
0.442133
0.525543
0.683786
0.464239
0.098728
0.553603
0.700403
0.515626
0.466106
0.667254
0.763698
0.783188
0.868737
0.599127
0.873349
0.387404
0.907052
0.685139
0.827331
0.760413
0.140860
0.344037
0.591285
0.824389
0.835017
0.612236
0.573561
0.685024
0.584338
0.394654
0.551761
0.696257
0.573578
0.465655
0.658625
0.618216
0.167321
0.584762
0.891805
0.269369
0.748310
0.324730
0.629669
0.724253
0.542411
0.721314
0.687243
0.775387
0.189737
0.843288
0.256268
0.497005
0.530980
0.542896
0.517549
0.543294
0.242624
0.300092
0.693257
0.678180
0.646650
0.703004
0.768409
0.685955
0.680809
0.651479
0.813958
0.426322
0.415989
0.884204
0.531588
0.600070
0.447782
0.595182
0.679294
0.562128
0.711058
0.473985
0.743042
0.756213
0.860452
0.884332
0.795339
0.854636
0.914732
0.517604
0.722399
0.587889
0.557511
0.743274
0.431878
0.842247
0.768415
0.792130
0.593223
0.567472
0.921118
0.886433
0.710575
0.755504
0.813579
0.622728
0.546920
0.423163
0.864842
0.483182
0.800013
0.565669
0.870861
0.758171
0.448236
0.433634
0.814455
0.790445
0.783612
0.777389
0.354097
0.873063
0.664414
0.817368
0.749590
0.915905
0.889176
0.371720
0.639200
0.558576
0.885973
0.254623
0.649340
0.767723
0.837109
0.531685
0.868903
0.846046
0.737350
0.718348
0.845492
0.750958
0.762475
0.559407
0.742266
0.330362
0.858125
0.630838
0.879554
0.631310
0.752627
0.792305
0.688776
0.840417
0.544555
0.945433
0.881503
0.790946
0.866520
0.719077
0.894872
0.669477
0.740382
0.771269
0.887847
0.689949
0.680814
0.864572
0.842722
0.905379
0.761156
0.788037
0.915933
0.687401
0.832879
0.849306
0.577028
0.847125
0.639356
0.790174
0.738239
0.807063
0.825988
0.920802
0.722950
0.820392
0.848723
0.846201
0.861740
0.962162
0.762284
0.713068
0.794939
0.575024
0.673745
0.902937
0.911339
0.850240
0.744943
0.899733
0.926157
0.820048
0.798342
0.903909
0.747756
0.895822
0.830956
0.789523
0.828272
0.833292
0.772247
0.840129
0.940541
0.849559
0.761975
0.732980
0.895070
0.938348
0.777888
0.885993
0.826877
0.818947
0.842825
0.858931
0.834208
0.796554
0.742464
0.751164
0.659656
0.832282
0.791260
0.735063
0.428749
0.825906
0.842472
0.878790
0.733131
0.764094
0.577050
0.728792
0.837761
0.865859
0.835399
0.742963
0.892690
0.865146
0.918985
0.823163
0.850609
0.788391
0.885939
0.861661
0.687353
0.588670
0.771528
0.870230
0.854141
0.635936
0.871705
0.633640
0.593237
0.756276
0.776026
0.898882
0.754024
0.916282
0.850538
0.830100
0.741790
0.880837
0.740399
0.857019
0.793363
0.801051
0.810135
0.875992
0.754588
0.492472
0.845621
0.801198
0.752782
0.895904
0.864328
0.689328
0.836107
0.899101
0.826088
0.884123
0.916177
0.743581
0.749098
0.906036
0.825584
0.769747
0.870827
0.855236
0.915618
0.859566
0.927918
0.852526
0.833979
0.891989
0.943646
0.896786
0.616497
0.664703
0.895589
0.798909
0.850447
0.886034
0.851492
0.750139
0.795291
0.786823
0.812760
0.818266
0.677730
0.702147
0.732656
0.899616
0.849636
0.791833
0.879608
0.837856
0.922117
0.831653
0.795339
0.635858
0.884730
0.707821
0.878569
0.635616
0.668242
0.831393
0.842889
0.772689
0.877403
0.879440
0.747249
0.807870
0.660346
0.784683
0.863721
0.784485
0.844080
0.893194
0.867108
0.905227
0.847979
0.801895
0.909304
0.892105
0.793914
0.895439
0.697448
0.887779
0.780885
0.842009
0.742470
0.771110
0.910130
0.854923
0.924808
0.779105
0.784767
0.877155
0.893637
0.840642
0.619000
0.265288
0.188784
0.176326
0.174001
0.687390
0.219676
0.234502
0.422160
0.453506
0.357289
0.478487
0.398293
0.412771
0.772217
0.325921
0.371669
0.146412
0.317275
0.369159
0.517525
0.692908
0.589249
0.357605
0.512261
0.699175
0.566071
0.487358
0.576514
0.589088
0.842465
0.186045
0.520027
0.450265
0.461464
0.681916
0.734161
0.450471
0.584682
0.767682
0.589177
0.449538
0.654173
0.510887
0.574476
0.511527
0.683604
0.650629
0.589303
0.436279
0.563640
0.575775
0.653914
0.428115
0.245793
0.724900
0.819391
0.552671
0.542461
0.421169
0.580486
0.670361
0.598328
0.674527
0.563726
0.589897
0.533025
0.444992
0.485888
0.688566
0.541221
0.477961
0.338936
0.579070
0.487567
0.757027
0.617057
0.387478
0.659123
0.556717
0.578417
0.629746
0.611751
0.329753
0.809400
0.550298
0.637150
0.583665
0.589088
0.580486
0.409509
0.642069
0.723971
0.709470
0.465211
0.689239
0.344651
0.400560
0.686196
0.559271
0.738769
0.638201
0.657094
0.782943
0.802758
0.731768
0.572901
0.606194
0.716301
0.376969
0.708669
0.494565
0.510732
0.439312
0.507144
0.606213
0.636276
0.749281
0.681562
0.640288
0.645842
0.687747
0.667646
0.592007
0.827154
0.660794
0.421143
0.568841
0.738859
0.622637
0.724126
0.766839
0.678594
0.739558
0.541254
0.747819
0.434180
0.629093
0.562094
0.654932
0.727071
0.351878
0.744063
0.358414
0.777941
0.592441
0.565466
0.732013
0.665023
0.578982
0.427110
0.556428
0.743564
0.528683
0.766184
0.778060
0.856856
0.748162
0.552553
0.731076
0.779676
0.750219
0.632404
0.741434
0.744290
0.531352
0.508694
0.657957
0.751824
0.779343
0.770710
0.554072
0.786199
0.710315
0.750861
0.697321
0.446162
0.566468
0.636800
0.523865
0.680939
0.743428
0.420668
0.685128
0.710445
0.852942
0.457593
0.366723
0.577394
0.754997
0.648607
0.636858
0.724104
0.606805
0.735192
0.545582
0.418874
0.564363
0.260450
0.757304
0.753202
0.537025
0.663907
0.369137
0.790481
0.746747
0.890174
0.677084
0.570301
0.549140
0.721875
0.738881
0.506092
0.793745
0.746679
0.647559
0.702147
0.380285
0.735125
0.720995
0.593436
0.598583
0.425432
0.822573
0.737395
0.640464
0.342847
0.505120
0.697640
0.684209
0.777917
0.480051
0.692760
0.657997
0.825490
0.593853
0.567073
0.729538
0.433611
0.737890
0.650391
0.685128
0.596377
0.732639
0.659324
0.359169
0.744699
0.769817
0.808906
0.481313
0.701226
0.725298
0.554665
0.634356
0.758275
0.781272
0.784282
0.848555
0.694963
0.713400
0.604974
0.496758
0.592079
0.593563
0.640659
0.733087
0.656273
0.746679
0.714816
0.749418
0.706057
0.669380
0.431855
0.540759
0.747477
0.789156
0.705713
0.751571
0.748002
0.755734
0.617830
0.666363
0.628000
0.739603
0.665408
0.566866
0.512511
0.673005
0.790288
0.610222
0.826851
0.633505
0.665835
0.715580
0.579300
0.733266
0.603997
0.499434
0.318741
0.815549
0.600908
0.579919
0.507980
0.766792
0.824256
0.625017
0.687873
0.888437
0.711986
0.551273
0.807377
0.536010
0.811081
0.376521
0.559459
0.864394
0.635907
0.685233
0.621593
0.775642
0.635713
0.755688
0.537403
0.742883
0.672123
0.433333
0.584325
0.737935
0.818816
0.669441
0.595014
0.531660
0.648508
0.591429
0.760129
0.808758
0.668788
0.680959
0.788963
0.522110
0.784593
0.605658
0.662390
0.350164
0.674362
0.699025
0.736900
0.424317
0.455031
0.715886
0.514517
0.712551
0.709903
0.673540
0.566105
0.607064
0.467888
0.571050
0.655292
0.831178
0.782131
0.679880
0.672718
0.576267
0.568928
0.608845
0.662571
0.739761
0.655232
0.758854
0.689596
0.579424
0.835986
0.804229
0.767073
0.636334
0.804205
0.720269
0.617698
0.727470
0.797022
0.260443
0.535994
0.684000
0.702961
0.679631
0.702597
0.545033
0.635616
0.718841
0.479934
0.337996
0.578152
0.829455
0.720709
0.907814
0.682936
0.653256
0.799506
0.649439
0.607231
0.848166
0.684878
0.701868
0.665002
0.525659
0.847623
0.634821
0.510778
0.683312
0.789397
0.772052
0.498748
0.709817
0.710272
0.803150
0.762034
0.378838
0.833260
0.510794
0.588100
0.702125
0.701611
0.425393
0.613639
0.520312
0.720313
0.785839
0.783206
0.730719
0.649498
0.730162
0.615196
0.783062
0.735978
0.720951
0.565967
0.365538
0.839462
0.659928
0.756311
0.797216
0.916639
0.676320
0.826397
0.682999
0.698961
0.762988
0.912619
0.627961
0.699580
0.768549
0.613808
0.677064
0.639546
0.491751
0.711617
0.712747
0.782704
0.817069
0.675536
0.631902
0.759619
0.397904
0.641520
0.861839
0.697065
0.772193
0.825767
0.724524
0.852526
0.630361
0.738476
0.754398
0.712530
0.704981
0.769535
0.796074
0.656974
0.775736
0.791737
0.797557
0.738070
0.647816
0.693014
0.764433
0.743496
0.667544
0.759967
0.659425
0.696725
0.577782
0.661016
0.774956
0.627253
0.789083
0.630765
0.611247
0.771063
0.472292
