4.890758
1.978514
3.304358
1.975734
3.176563
3.562782
4.592888
5.200428
3.729262
3.819905
2.981816
5.400834
2.005894
2.239041
1.432427
1.283780
4.006256
3.226113
1.976068
4.416399
2.450835
2.352125
4.862302
5.670273
1.219973
2.143604
1.479181
3.933136
2.655499
4.290581
3.207536
4.853730
2.034029
3.027719
3.356836
3.458854
2.168754
3.387059
1.897126
3.401573
2.255658
1.931782
2.442610
1.883060
1.737567
3.120486
1.532176
2.786689
2.452476
1.991642
1.869411
4.400561
1.953876
2.947781
2.827535
1.670212
3.008296
2.220637
3.568741
1.201592
2.454702
1.262894
2.490306
1.734995
0.852947
1.029431
0.757761
1.598191
0.704095
1.032695
0.869047
0.488656
0.442637
1.473558
0.356290
0.638454
0.906308
0.800083
0.519780
0.403996
0.539167
0.485957
0.041250
0.365037
0.299171
0.161422
0.264558
0.223601
0.214358
0.135314
0.182423
0.249390
0.101723
0.169929
0.097114
0.215236
0.051847
0.084945
0.130292
0.119026
0.065414
0.044689
0.093982
0.098353
0.072020
0.046538
0.010566
0.038831
0.060406
0.058324
0.032326
0.041302
0.144939
0.009605
0.009589
0.047122
0.018543
0.009878
0.009067
0.007114
0.040940
0.009854
0.205506
0.009004
0.009237
0.300955
0.009034
0.141883
0.010991
0.035236
0.009558
0.080106
0.106202
0.042024
0.011675
0.009808
0.067009
0.088525
0.035837
0.010284
0.019333
0.007571
0.011776
0.194174
0.027440
0.010054
0.266189
0.028445
0.013380
0.048042
0.019281
0.029619
0.023156
0.038655
0.016174
0.023141
0.020847
0.008111
0.028905
0.147845
0.026231
0.099643
0.240378
0.014079
0.007891
0.021695
0.012959
0.016568
0.036228
0.014757
0.026364
0.006939
0.043741
0.035153
0.047084
0.011778
0.019213
0.053388
0.031123
0.006867
0.065096
0.036070
0.017429
0.029453
0.017289
0.016039
0.025562
0.005668
0.042018
0.012019
0.015240
0.012438
0.008889
0.013320
0.116536
0.004756
0.024665
0.014655
0.013775
0.005565
0.013827
0.011013
0.010357
0.002478
0.005070
0.010187
0.004303
0.009157
0.003541
0.087145
0.005763
0.012166
0.020432
0.078041
0.003634
0.002841
0.007178
0.003983
0.012089
0.003158
0.003190
0.002859
0.009172
0.002887
0.002962
0.062394
0.002723
0.002708
0.058826
0.002398
0.013655
0.004737
0.008088
0.005408
0.018393
0.004613
0.017122
0.015740
0.006725
0.009077
0.009315
0.002584
0.014993
0.008430
0.007770
0.026516
0.012536
0.003418
0.008982
0.001772
0.005464
0.002055
0.002079
0.002814
0.020860
0.002198
0.003894
0.001856
0.016916
0.051760
0.002285
0.001944
0.052203
0.003505
0.005608
0.004019
0.004220
0.009098
0.046682
0.042249
0.006226
0.001708
0.002686
0.017927
0.004109
0.018023
0.001386
0.001827
0.004589
0.005661
0.001595
0.001821
0.002846
0.052782
0.009113
0.018565
0.012592
0.013777
0.030167
0.030702
0.023565
0.006234
0.010977
0.001121
0.007267
0.009200
0.003778
0.009943
0.032138
0.004697
0.005389
0.002506
0.006208
0.001776
0.058006
0.002775
0.037190
0.002840
0.003454
0.050032
0.025446
0.002766
0.006224
0.005791
0.052499
0.016622
0.008080
0.018596
0.017324
0.008238
0.002179
0.007506
0.013697
0.020570
0.017545
0.001666
0.013954
0.001663
0.012617
0.004761
0.079616
0.097229
0.011526
0.007978
0.001651
0.001211
0.015500
0.001670
0.016164
0.019072
0.020727
0.009930
0.010516
0.020905
0.017900
0.013382
0.013668
0.007633
0.011363
0.003126
0.001419
0.003974
0.021966
0.004378
0.001517
0.002562
0.003284
0.057321
0.031525
0.001818
0.010551
0.037796
0.000927
0.010729
0.001175
0.031683
0.005178
0.045220
0.033922
0.007174
0.002824
0.017191
0.007474
0.009367
0.037363
0.020939
0.011178
0.016912
0.000961
0.002485
0.004285
0.007128
0.020099
0.008535
0.003780
0.031344
0.001230
0.000718
0.003441
0.006775
0.030528
0.000944
0.001256
0.003946
0.023707
0.011366
0.007924
0.003083
0.014143
0.062069
0.024996
0.004444
0.015700
0.019770
0.006983
0.059414
0.016889
0.029063
0.004595
0.012303
0.012225
0.011098
0.006673
0.002250
0.003778
0.003176
0.015845
0.000997
0.037759
0.001692
0.039646
0.016857
0.002093
0.014018
0.002689
0.018733
0.001891
0.000897
0.006923
0.006190
0.003351
0.010370
0.015252
0.002906
0.049674
0.007907
0.002035
0.006192
0.001677
0.005891
0.065553
0.005673
0.008983
0.004130
0.003080
0.004271
0.001031
0.000958
0.002910
0.001173
0.000950
0.045243
0.000895
0.001352
0.003065
0.007694
0.004172
0.001777
0.003239
0.000704
0.001428
0.000744
0.000689
0.026502
0.036835
0.000817
0.033449
0.002261
0.026232
0.002298
0.002269
0.050542
0.002380
0.010089
0.002576
0.017490
0.022267
0.024738
0.000937
0.008156
0.007334
0.023821
0.013502
0.007449
0.019911
0.011571
0.025678
0.004965
0.008686
0.006961
0.009681
0.007479
0.010910
0.012551
0.011496
0.000927
0.007349
0.031554
0.000945
0.002665
10.584174
13.337019
6.665289
7.567708
3.935480
7.020297
8.641624
4.805069
2.689395
5.471256
10.868137
9.936215
11.655488
7.202999
5.065034
2.161885
8.646018
3.241476
10.776280
3.601783
4.231567
4.346056
7.967964
5.512503
3.237584
4.807281
2.237236
2.839885
4.592843
3.885577
2.640716
3.594475
3.391945
3.937873
3.972590
2.500118
1.312561
3.996158
3.655818
2.307456
1.459263
1.935831
1.692243
2.044854
1.557347
2.086818
1.834461
1.445575
1.085362
2.399422
1.855536
0.677644
1.541628
0.457782
0.574877
0.553876
0.425021
0.210114
0.390652
0.526865
0.206835
0.100728
0.154032
0.716942
0.422283
0.476977
0.331606
0.155725
0.166947
0.401306
0.053339
0.070825
0.295651
0.524035
0.596082
0.476392
0.081135
0.034589
0.102658
0.091174
0.117688
0.129668
0.314562
0.237219
0.020465
0.255677
0.268843
0.264817
0.077963
0.179209
0.214217
0.382866
0.135131
0.583507
0.144656
0.068909
0.033279
0.017314
0.406237
0.168434
0.052422
0.048136
0.202609
0.122386
0.175220
0.025663
0.135728
0.062260
0.269057
0.014818
0.038882
0.020559
0.279677
0.168128
0.177865
0.003397
0.252342
0.082549
0.257137
0.292238
0.074679
0.136242
0.082384
0.107613
0.167039
0.078270
0.148265
0.368118
0.177320
0.058305
0.115232
0.050447
0.096141
0.382161
0.090001
0.264223
0.169968
0.180962
0.036018
0.065165
0.303549
0.144263
0.080658
0.022077
0.111408
0.190096
0.176039
0.028753
0.294307
0.162230
0.015988
0.054123
0.105171
0.232363
0.020803
0.105007
0.218310
0.182119
0.102424
0.019135
0.097626
0.069036
0.214225
0.124989
0.160236
0.080155
0.190911
0.060292
0.070407
0.160750
0.174065
0.027081
0.065855
0.012951
0.076606
0.470943
0.263835
0.274924
0.045869
0.022700
0.243494
0.008634
0.005310
0.051833
0.025148
0.088043
0.014553
0.147209
0.013819
0.072827
0.282107
0.267013
0.072603
0.012800
0.020415
0.033140
0.139038
0.019946
0.039019
0.051815
0.039591
0.128485
0.155437
0.285600
0.047802
0.061792
0.051702
0.093841
0.183090
0.112530
0.012585
0.008027
0.072423
0.252930
0.253033
0.039624
0.033715
0.046360
0.044928
0.006517
0.051725
0.005744
0.045862
0.068136
0.315925
0.133648
0.091427
0.089679
0.129571
0.046709
0.027181
0.064997
0.136959
0.139627
0.219962
0.121941
0.059127
0.031009
0.036679
0.094224
0.284699
0.018560
0.060054
0.143687
0.069508
0.097188
0.036156
0.086958
0.025201
0.008221
0.073991
0.055311
0.013189
0.020920
0.093577
0.451426
0.044044
0.083102
0.075550
0.043412
0.115798
0.132776
0.141640
0.111239
0.051500
0.106011
0.105077
0.110135
0.043648
0.016039
0.151858
0.093321
0.130804
0.050637
0.086608
0.080298
0.088994
0.071607
0.072882
0.023299
0.009310
0.073597
0.074876
0.137855
0.086297
0.093243
0.083907
0.118247
0.036237
0.159563
0.055338
0.251884
0.146283
0.013595
0.132568
0.015058
0.070089
0.054978
0.152454
0.058496
0.057126
0.049546
0.134342
0.024343
0.031717
0.230171
0.025113
0.040409
0.022850
0.222425
0.068454
0.165401
0.076498
0.137758
0.057445
0.062988
0.094791
0.040607
0.112124
0.067194
0.104947
0.042872
0.066920
0.059183
0.136198
0.021095
0.040589
0.034935
0.041766
0.022835
0.034992
0.082738
0.001360
0.004581
0.029344
0.117211
0.032946
0.011304
0.010830
0.022404
0.055422
0.077572
0.025478
0.028147
0.058231
0.090981
0.021770
0.095267
0.049160
0.030585
0.111007
0.131367
0.033166
0.049195
0.011369
0.055375
0.013219
0.061963
0.005095
0.041900
0.020968
0.126527
0.011849
0.096606
0.014988
0.141692
0.024252
0.030156
0.109196
0.188200
0.009803
0.026400
0.113419
0.149252
0.188580
0.035208
0.067398
0.063371
0.175439
0.057614
0.040975
0.068533
0.051444
0.024870
0.014942
0.194066
0.071231
0.060283
0.106282
0.062047
0.100939
0.020867
0.070458
0.018402
0.072110
0.060019
0.090696
0.001761
0.073456
0.057232
0.086421
0.086518
0.033542
0.189092
0.058411
0.045943
0.057516
0.092734
0.043068
0.119201
0.179887
0.107233
0.107846
0.009842
0.071084
0.033675
0.027641
0.021420
0.054222
0.029173
0.059331
0.035198
0.067496
0.103919
0.099581
0.023822
0.161330
0.075198
0.044620
0.108300
0.016251
0.074271
0.026390
0.032168
0.029685
0.135526
0.065303
0.030565
0.051163
0.079255
0.069044
0.184358
0.110706
0.004295
0.063188
0.011041
0.058421
0.085455
0.145394
0.023515
0.099393
0.063762
0.068924
0.102659
0.023782
0.071642
0.070304
0.018823
0.046452
0.034146
0.033798
0.104963
0.081344
0.005221
0.014336
0.013296
0.031123
0.058089
0.088756
0.020403
0.090375
0.015642
0.046280
0.108441
0.016693
0.001387
0.122389
0.001493
0.026485
0.054985
0.055929
0.046376
0.052543
0.132271
0.094704
0.046094
0.095526
0.087449
0.057810
0.034074
0.129104
0.051678
0.045825
0.011110
0.106374
0.040859
0.011010
0.056353
0.097126
0.036136
5.159065
3.206482
1.527580
2.092424
6.180725
0.876326
1.335299
3.647057
1.133881
8.976636
0.503152
0.884712
0.703441
0.742202
1.790447
2.702108
1.543755
4.841552
4.230928
5.722662
0.896826
1.921061
0.593541
1.028117
2.598922
0.791955
1.296289
3.095244
2.918471
1.649638
9.516384
1.955987
0.656086
2.386543
1.276196
1.631569
1.375627
0.499770
0.203028
0.096188
1.158428
0.109540
1.985433
0.332146
1.560439
0.683000
0.331926
1.105482
0.692932
0.248921
0.456234
2.254707
2.789770
0.684322
0.347025
1.493953
0.947723
0.318398
1.440210
0.809792
0.507958
0.435596
0.447243
1.321229
0.642633
1.474019
0.503607
1.293358
0.365503
1.224663
0.879126
0.623664
1.172401
0.796209
1.527371
1.381809
0.592800
0.628405
0.841736
1.202680
2.156456
0.501037
1.545313
0.501666
0.617685
0.627301
0.412061
1.658628
0.455468
1.075405
0.717946
0.443047
2.372832
1.018551
0.946888
0.691409
2.233594
3.692366
0.823806
0.503062
0.718123
0.332151
0.735287
0.569406
0.733830
1.145441
1.818906
0.521427
0.862342
0.612149
0.517886
2.039367
0.254527
0.599582
0.474397
0.306773
0.803468
0.794894
0.567869
0.359632
0.967643
0.834769
0.840414
0.301208
0.912124
0.785198
0.289842
0.573624
0.091181
0.836186
0.777796
0.465624
0.264822
0.718710
0.756155
0.305610
1.273954
0.716797
0.705150
0.907017
0.184025
0.237566
0.129736
0.575650
1.014107
0.859290
0.124285
0.429801
0.268974
0.883868
1.294127
0.292766
0.389428
0.336242
0.578515
0.400744
0.356694
0.299612
0.234842
0.629015
0.630159
0.341632
0.425254
0.335284
0.335272
0.400575
0.614342
1.027704
0.182141
0.651706
0.347626
0.865194
0.709480
0.616313
0.721005
0.416307
0.227015
0.788272
0.323528
0.189509
1.638408
0.397272
0.369648
0.280069
0.878496
0.288756
0.671242
0.181099
0.939653
0.299267
0.288915
0.618350
0.308582
0.879200
0.394735
0.660361
0.321807
0.213934
0.467341
0.730943
0.109908
0.689330
0.619794
0.511619
0.230164
0.255154
0.588111
0.130590
0.177139
0.097858
0.277767
0.348671
0.194434
0.711448
0.515814
0.443982
0.236676
0.395457
0.212967
0.152760
0.238575
0.225250
0.692332
0.200931
0.440035
0.515582
0.140303
0.527834
0.123893
0.330473
0.470804
0.471285
0.644389
0.233058
0.298939
0.402045
0.429181
0.180657
0.484711
0.201725
0.169692
0.327228
0.054089
0.167498
0.345283
0.361333
0.221255
0.236747
0.587113
0.243191
0.106654
0.234871
0.533947
0.665957
0.373699
0.255754
0.163872
0.189090
0.284350
0.266354
0.884477
0.941705
0.606834
0.251440
0.652874
0.160764
0.290990
0.348079
0.109738
0.375886
0.403641
0.884956
0.326770
1.047396
0.203515
0.528836
0.190041
0.644448
0.392043
0.406935
0.503567
0.661739
0.295345
0.563466
0.338971
0.212823
0.414511
0.611130
0.169676
0.231298
0.336099
0.348629
0.211209
0.128959
0.476620
0.318244
0.546713
0.316672
0.182549
0.409201
0.206474
0.453981
0.170476
0.358171
0.338963
0.398283
0.237716
0.252213
0.259664
0.182954
0.111858
0.183739
0.200544
0.054906
0.190028
0.156827
0.288381
0.235079
0.190731
0.539291
0.476033
0.344045
0.331080
0.289698
0.128050
0.343033
0.158995
0.573110
0.136564
0.243891
0.283434
0.539101
0.070011
0.334887
0.284457
0.207055
0.132759
0.256920
0.188010
0.110597
0.346493
0.221541
0.399020
0.613710
0.305086
0.087191
0.031820
0.265675
0.133766
0.231045
0.297722
0.208016
0.217153
0.684329
0.057199
0.265474
0.125900
0.063490
0.234216
0.169610
0.171821
0.807724
0.317030
0.185751
0.093969
0.096930
0.436325
0.250276
0.600208
0.174611
0.343508
0.280529
0.115476
0.057508
0.054002
0.396673
0.391714
0.565003
0.159465
0.102622
0.159118
0.475543
0.528533
0.202139
0.278651
0.133680
0.258210
0.143530
0.144507
0.091308
0.279494
0.373612
0.223432
0.245913
0.279585
0.260573
0.262138
0.178640
0.406663
0.108452
0.293172
0.221569
0.254088
0.077704
0.303863
0.196817
0.107774
0.081020
0.172599
0.350370
0.333420
0.154068
0.109495
0.354041
0.387905
0.105692
0.161202
0.315479
0.195475
0.126272
0.113850
0.335357
0.263860
0.332125
0.194429
0.558492
0.184324
0.287896
0.590123
0.274166
0.500304
0.139953
0.145815
0.337676
0.162365
0.327702
0.390313
0.244493
0.146648
0.161046
0.033671
0.240342
0.148798
0.257666
0.168321
0.088279
0.101451
0.294399
0.322819
0.194843
0.174394
0.267211
0.311882
0.239719
0.444203
0.505759
0.278841
0.366032
0.131342
0.335636
0.109135
0.186829
0.132215
0.145852
0.423939
0.711936
0.277429
0.139932
0.168212
0.375919
0.191227
0.431709
0.397989
0.179117
0.156216
0.663668
0.194745
0.084114
0.103126
0.210194
0.173335
0.112573
0.133940
0.092417
0.262747
0.307495
0.077109
0.310507
0.077265
0.094187
0.282783
0.313170
0.205649
0.121059
0.351441
0.178845
0.158668
0.183930
0.215856
0.070725
1.014980
1.467201
2.265489
0.601182
1.030192
0.764371
1.110350
1.184352
0.947279
1.104349
1.378902
1.083015
0.800243
1.629029
1.020287
1.218280
0.883593
1.030019
1.160056
1.010157
0.818530
0.854691
0.635175
0.465210
0.746295
1.065462
0.546990
1.084857
0.264165
0.386797
1.100668
0.828696
0.888981
0.667432
0.556537
0.819781
0.985694
1.568465
1.050515
0.442641
1.175008
1.055179
0.397633
1.251024
0.845296
0.661840
0.752672
0.718577
0.497936
0.755560
1.532103
0.450241
0.678673
1.862412
0.897380
0.719147
0.613880
1.117284
0.953559
1.479350
1.065771
1.283456
0.743172
1.074554
0.643793
1.221787
1.061661
0.577601
0.476970
0.571196
0.815396
0.651992
0.346413
0.555575
0.940733
0.870695
0.484191
0.834722
0.695376
0.481931
0.692029
0.558481
0.727279
0.598160
0.896484
1.578886
0.852301
0.676030
0.679351
0.391674
0.567028
0.860824
0.712679
0.609366
0.425717
0.239204
0.611363
0.743734
0.284759
0.627083
0.998795
0.590505
0.771947
0.382042
0.669415
0.996564
0.852197
0.650975
0.459402
0.282556
0.475584
0.639148
0.948590
0.690563
0.883750
0.361208
0.299408
0.494794
0.552522
0.739491
0.148079
0.779239
0.406079
0.495070
0.444868
0.572426
0.677000
0.528678
0.529074
1.199685
0.783270
0.900798
0.732608
0.383029
0.516269
0.410627
0.632093
0.412487
0.967732
0.549663
0.990327
0.461300
1.141383
0.477761
0.645292
0.445891
0.512294
0.487771
0.578193
0.946699
0.773711
0.252046
1.550889
0.542814
0.603948
0.601184
0.944181
0.517176
0.677464
0.530384
0.994986
0.921921
0.372279
0.922715
1.020596
0.392455
0.393185
0.526682
0.766727
0.524599
0.353909
0.515502
0.442440
0.388522
0.348842
0.539322
0.841168
0.879343
0.406426
0.440485
0.654004
0.299027
0.451232
0.550683
0.247534
0.734757
0.482564
0.473646
0.957457
0.340567
0.755232
0.841296
0.418659
0.595643
0.569143
0.702282
0.901292
0.493608
0.714768
0.293168
0.691981
0.983197
0.683594
0.729817
1.250901
0.706630
0.648615
1.738601
0.163286
0.873573
0.680468
1.330515
0.772663
0.974725
0.174005
0.393560
0.465630
0.655968
0.318453
0.785391
0.270552
0.929889
0.331821
0.408876
0.495950
0.416470
0.372260
0.651832
0.781939
0.963204
0.547042
0.515560
0.583430
0.539453
0.719078
0.250442
0.340302
0.382497
0.342311
0.885327
0.503953
0.870424
0.630195
0.318628
0.491589
0.615269
0.740446
0.369242
0.442703
0.883864
1.355036
0.635998
0.538050
0.675246
0.450485
0.309924
0.378010
0.344830
0.347267
0.556607
0.388007
0.457390
0.550237
0.704990
1.536678
0.667489
0.849706
0.650410
0.601557
0.592393
0.572602
0.630120
0.663282
0.398202
0.295157
0.470835
0.314470
0.483176
1.033545
0.618331
0.495375
1.081543
0.546818
0.883273
1.132832
0.817342
0.586593
0.242601
0.403504
0.666927
0.437729
0.500328
0.444792
1.064208
0.524169
0.828066
0.990591
0.816464
0.876567
0.520486
0.515097
0.787908
1.012849
0.196560
0.327358
0.378875
0.405282
0.403664
0.510828
0.669893
0.641998
0.954769
0.989725
0.366509
0.200919
0.337600
0.485556
0.239328
0.702869
0.759112
0.271090
0.363654
1.336794
0.409267
0.396000
0.475986
0.156764
1.137740
0.308523
0.808061
0.396249
0.466177
0.572271
0.757840
0.773034
0.448361
0.486499
0.563529
0.402659
0.480281
0.861021
0.406817
0.991322
0.623662
0.744803
1.096777
0.507974
0.673759
0.688843
1.171536
1.165802
0.753444
0.567356
0.337013
0.542109
0.366234
0.413670
0.792359
0.446945
0.300707
1.000766
0.547173
0.689252
0.347180
0.567469
0.776928
0.653885
0.259301
0.494915
0.724808
0.515343
0.492941
0.294985
0.950226
1.183426
0.347236
0.232873
0.644153
0.778492
1.168694
0.248037
0.441554
1.099581
0.814170
0.564472
0.474985
0.506501
0.442244
0.439633
0.772030
0.281092
0.795435
0.403729
0.509069
0.715478
0.491213
0.411360
0.749515
0.388623
0.347310
0.532652
0.564924
0.328206
0.399172
0.499183
0.465914
0.874438
0.297829
0.242629
0.324088
0.285441
0.549726
1.003271
0.275760
0.443716
0.886004
0.797395
0.550759
0.109109
0.314256
0.188520
0.627687
0.575568
0.731868
0.332256
0.660624
0.535110
0.465716
0.588548
0.349653
0.623896
0.310399
0.316511
0.551267
0.821946
0.689286
0.306701
0.432345
0.544335
1.004446
0.862427
0.364058
0.846723
0.376328
0.356411
1.079764
0.934782
0.282360
0.855237
0.462936
0.750882
0.842608
0.454802
0.664896
0.326290
0.416207
0.383884
0.626530
0.428324
0.646911
0.353275
0.438425
0.340058
0.413204
0.255127
0.624815
0.547853
0.432208
0.410611
0.426303
0.582511
0.327302
0.208326
0.383418
0.411725
0.743271
0.712433
0.377105
0.459566
0.235997
0.199612
0.672024
0.396911
0.557661
0.413823
0.235057
0.446585
0.927254
0.495056
0.510529
0.489392
0.913958
0.583721
0.217878
0.609114
0.295898
0.582108
1.152467
1.003341
1.440413
