0.001048
0.000141
-0.004080
-0.002843
-0.007751
-0.010459
-0.011641
-0.013109
-0.010383
-0.016288
-0.020526
-0.031871
-0.035803
-0.057538
-0.015095
-0.023930
-0.015561
-0.037801
-0.032573
-0.023060
-0.041497
-0.062152
-0.023633
-0.049273
-0.073257
-0.076370
-0.082697
-0.077046
-0.024341
-0.081715
-0.130789
-0.171490
-0.031821
-0.110326
-0.176681
-0.029705
-0.131894
-0.126402
-0.198142
-0.395741
-0.209259
-0.242114
-0.174489
-0.335786
-0.138048
-0.300694
-0.143482
-0.112836
-0.293037
-0.474074
-0.341416
-0.367602
-0.676454
-0.892366
-0.451545
-0.274285
-0.608889
-0.893277
-0.913489
-0.289713
-0.837687
-1.133964
-0.524925
-0.912658
-0.406629
-0.533256
-0.684761
-0.828600
-0.551584
-0.978907
-0.713834
-0.648261
-0.434058
-0.929087
-0.642973
-0.540965
-0.713124
-0.520550
-0.662686
-0.407919
-0.174852
-0.409866
-0.245965
-0.400087
-0.618584
-0.180451
-0.508917
-0.409662
-0.313473
-0.418529
-0.147011
-0.150421
-0.285975
0.393278
-0.434383
-0.243994
0.052136
-0.182809
-0.204969
0.935980
0.088351
-0.152113
-0.296534
-0.258370
-0.028060
0.000006
-0.240776
-0.145291
-0.141612
-0.139849
-0.229573
1.029072
0.000007
1.137517
0.009808
-0.138225
-0.134131
-0.125932
-0.143970
-0.029102
-0.044338
-0.164627
0.000007
0.783601
-0.237902
-0.273090
-0.042464
0.000005
0.389930
-0.114162
-0.189773
-0.103115
0.000008
0.677787
-0.201395
-0.087460
0.000008
-0.370980
-0.237135
0.011940
0.030326
0.205706
-0.319276
-0.074781
-0.240289
0.036428
0.000002
0.591069
0.031520
0.094073
0.138005
-0.174082
-0.151001
-0.177083
-0.120143
-0.265372
-0.179911
0.437763
-0.078379
-0.072695
-0.081391
-0.296275
-0.170117
0.004706
-0.229720
-0.013534
0.000030
-0.079233
0.002578
0.000034
0.050338
0.093803
-0.060212
0.154749
-0.197539
-0.045399
0.000047
0.184771
0.476431
0.163906
0.453001
-0.184896
-0.158408
-0.085169
0.000063
-0.142825
0.059422
-0.174612
-0.078998
0.102678
-0.244413
-0.160420
-0.065800
-0.013560
0.000059
-0.198046
-0.117864
0.095860
-0.128829
-0.254771
0.209827
0.195383
0.060633
0.112053
-0.223085
-0.093584
-0.138888
-0.121929
-0.153558
-0.230608
0.141490
0.234850
-0.136583
-0.125116
-0.118105
-0.115716
-0.110837
0.000480
-0.010224
0.186825
0.141968
-0.064435
-0.122056
0.181133
0.173930
0.562754
-0.119084
0.135887
0.042848
-0.164850
-0.269954
-0.250468
0.290212
0.075841
0.000008
0.017106
-0.033455
-0.248442
-0.048796
-0.319353
-0.222722
-0.090814
-0.121131
-0.080824
0.131017
0.108835
-0.013898
0.189685
-0.086610
-0.279492
0.057597
0.058926
-0.113695
0.000025
0.104916
-0.216269
-0.107395
-0.053774
0.011817
-0.077955
-0.077876
0.124260
-0.064718
0.020675
0.218677
-0.129022
0.325237
-0.073550
-0.079702
-0.153389
0.000008
-0.021433
0.117156
0.000004
-0.039335
0.045237
-0.105870
-0.019368
-0.124343
-0.081699
0.057515
0.013246
-0.072400
-0.076942
0.023127
-0.068783
-0.134949
-0.063818
0.043030
0.056695
-0.030208
0.000000
0.002929
-0.146236
-0.029890
0.000000
-0.121089
0.011626
-0.138605
-0.117021
0.130752
0.015506
0.055233
-0.124616
-0.082478
0.147198
-0.113604
-0.018792
0.178796
-0.042585
-0.144777
-0.099135
-0.086304
-0.106514
-0.056181
-0.091726
-0.057437
-0.030191
-0.030394
-0.110480
0.061191
0.011798
0.078557
-0.017605
0.038810
-0.018550
-0.044929
-0.038929
-0.024939
0.017360
0.020205
-0.001388
-0.064713
0.009946
0.008019
0.004522
-0.033916
-0.073465
-0.012775
0.011459
-0.079073
0.022240
-0.054760
-0.028546
0.003710
0.378798
-0.002520
-0.004269
0.018845
0.328139
-0.012112
-0.055143
-0.046320
-0.023447
-0.001385
-0.091927
-0.047638
-0.026738
-0.091782
-0.014125
-0.036710
-0.035484
0.003022
-0.036102
0.006356
-0.051655
-0.031392
-0.059995
-0.017994
0.002302
-0.037250
-0.034020
-0.075261
-0.024913
-0.011549
0.000001
-0.010295
0.009190
0.000001
0.009648
0.004636
0.084466
0.008622
0.000000
0.044647
0.237672
-0.025124
0.512580
0.184997
-0.013157
0.024083
0.000000
0.000001
0.000001
0.032726
-0.100816
0.007260
0.085403
-0.024429
0.000001
0.265088
-0.157426
-0.017687
-0.000185
-0.099460
-0.239761
-0.176727
-0.106839
-0.113955
-0.053495
-0.065059
-0.062488
0.043149
0.030949
-0.083984
0.170274
-0.016214
0.000000
-0.040392
0.280403
-0.090558
-0.098492
-0.044103
0.072227
-0.111970
-0.076425
-0.078358
-0.099779
-0.022958
-0.058951
-0.099837
-0.045234
-0.078940
-0.093368
0.011032
-0.051284
0.030774
-0.119216
-0.094165
-0.075244
0.095649
-0.046547
-0.059177
-0.038880
-0.020587
-0.081027
-0.049994
-0.050336
0.339738
0.166242
-0.022263
0.067791
-0.021675
-0.041887
-0.104393
-0.071497
0.111792
0.041464
-0.099568
0.196791
-0.007784
-0.036276
0.052930
0.180714
-0.061969
-0.035989
-0.044007
-0.077283
-0.068551
0.000001
-0.077844
0.112098
-0.085345
0.201509
-0.071145
0.051634
-0.044540
-0.034315
0.166873
-0.181089
0.113248
-0.036760
0.000016
0.004696
-0.099720
0.066355
0.028549
-0.146143
0.012644
-0.054681
-0.074297
0.148171
-0.096800
0.000018
-0.087799
-0.063540
-0.061281
-0.058138
0.000016
-0.056639
2.942348
2.366682
2.565381
0.232437
0.546624
-0.410006
0.143823
1.271203
-0.863332
0.483131
0.177362
-1.187927
-1.470906
0.073373
0.794524
0.404292
-0.805192
-0.492152
-2.267568
-1.578342
-0.279673
-2.500635
-2.730461
-2.077775
-4.274917
-2.372835
-6.261454
-1.440827
-4.357962
-3.408226
-4.666119
-4.833933
-2.984981
-2.359641
-3.219736
-5.666279
-3.249483
-3.760408
-5.847478
-5.977749
-1.947376
-1.560148
-3.460536
-3.208245
-3.504303
-2.620319
-1.955536
-2.782478
-0.574134
-3.464905
-3.124572
-2.671970
-1.909978
-0.856504
-1.427867
-1.269142
-0.925933
-0.157701
-0.096301
-0.361304
-1.517969
-0.820803
-0.464483
-0.092200
-1.728177
0.404398
1.757020
-0.040647
0.416842
-0.374631
0.109778
0.604800
0.186296
1.084555
0.734708
0.212198
-0.155595
-0.424941
-3.628365
0.413477
-0.008628
0.051540
0.345296
-0.848600
-0.767140
0.598897
0.622399
0.637028
-0.489482
0.199513
-0.199541
-0.915744
0.635431
0.571749
-0.031475
0.038480
-0.394840
-1.132105
-1.446060
-0.634369
0.187043
0.050279
-0.248428
0.099377
-0.275607
0.077760
0.304151
-0.115935
-0.592177
0.276561
-1.588407
-0.460187
-0.807621
-0.625598
-1.072954
0.345341
0.021101
0.183529
0.252832
0.170149
0.186042
-0.702354
0.414603
-0.793066
-1.108123
0.067713
0.105754
-1.402279
0.031966
0.985257
0.666847
0.287414
0.065904
-0.526491
-2.340579
0.490870
0.266012
0.302985
0.332867
-1.307840
-2.020142
0.018017
1.267749
0.285628
-0.561484
0.065902
-1.276062
-1.677036
0.010687
-0.497788
0.043707
0.109742
-0.418640
0.687588
-0.131953
0.185476
0.319322
-0.598086
0.335801
-0.220373
0.194426
0.295178
0.178172
0.060355
-0.306786
-0.324545
0.401671
0.853215
-0.068487
0.005242
-0.017893
0.782758
0.168408
-0.320832
-1.053596
-0.401410
0.534647
-0.051468
-0.166912
-0.479473
-0.871232
-0.296473
-0.599551
-0.079268
-0.374288
-0.437204
0.051939
0.230697
-0.043665
0.113018
-0.055127
0.302211
-0.058065
-0.870410
-0.096326
-0.473512
-0.333503
0.205262
0.286396
0.751735
0.584835
-0.501855
0.148001
-0.006706
-0.261030
0.008953
0.202818
-0.186467
-0.130627
-0.952028
-0.640418
-0.031385
-0.818546
-0.474943
0.251432
-0.312496
-0.198769
-0.123571
0.247166
0.276462
-0.383132
-0.022451
0.472294
-0.029439
-0.123447
-1.544768
-0.160641
-0.518917
-0.632183
0.370690
0.348032
-0.812791
-0.904891
-0.170399
-0.158111
-0.440067
-0.499767
0.656852
-0.186063
-0.122834
-0.185631
-0.513680
0.251073
-0.139350
-0.088426
-0.251541
0.191595
-0.268917
-0.580988
0.371648
0.317296
-0.570233
0.545989
-0.539193
-0.515633
0.008608
-0.224223
-1.217643
-0.018934
0.402471
-0.147112
-0.692202
0.103427
-0.274343
-0.060558
-0.557697
0.226831
-0.870482
-0.568787
-0.171975
0.007495
0.048733
-0.925297
0.175822
-0.274775
-0.542157
0.157270
-0.025570
-0.298927
1.160081
0.234179
0.104648
-0.133643
0.904230
0.060628
-0.404879
-0.018182
0.279114
0.375044
-0.054059
-0.408072
-0.021538
-0.205662
0.757661
-0.301336
-0.653059
-0.023765
-0.218747
0.231530
-0.495322
-0.196265
-0.820351
-0.239174
-0.058305
0.323750
-0.720252
-0.692659
-0.032538
-0.567472
-0.092857
0.286785
0.026056
-0.931005
0.038072
-0.185775
-0.019734
-0.138459
-0.073102
-0.144941
0.189723
-0.183157
-0.143259
-0.477945
-0.186303
-0.371265
-0.103462
0.957961
-0.598157
-0.152559
-0.099022
0.044552
-0.499227
0.209409
-0.232447
0.001858
0.141752
-0.056138
-0.274466
-0.020923
-0.450336
-0.228269
0.290479
-0.134045
-0.349571
0.654054
0.002565
0.199077
-0.037758
0.161829
-1.006638
-0.177867
0.026013
0.160288
0.229864
0.175640
0.081479
-0.361650
-0.127274
0.001742
0.128902
0.018966
-0.209165
-0.239117
0.331746
-0.060807
-0.187244
-0.203531
-0.324111
-0.688190
0.025055
0.273165
-0.307745
0.053199
-0.048926
-0.154341
-0.541108
-0.584531
0.118030
0.013360
0.189884
-0.274864
-0.027823
-0.498842
-0.250421
0.199403
-0.371735
-0.607284
-0.074862
-0.433556
0.228605
-0.361259
-0.041023
-0.010359
-0.470307
-0.429280
-0.838037
0.486118
-0.031571
-0.107714
0.248729
-0.076364
-0.030214
-0.970335
-0.370985
-0.434180
-0.341713
0.416479
0.124983
0.166627
-0.042080
0.230608
-0.429375
-0.792863
0.256658
-0.231618
-0.029661
0.129022
0.306261
0.407918
0.315156
-0.114548
-0.993034
-0.387016
0.176432
-0.626253
-0.169927
-0.237622
-0.343478
-0.102378
-0.023687
0.391091
-0.375383
-0.649955
-0.045285
-0.247026
0.221152
-0.210869
-0.198745
-0.352723
-0.371819
-0.179706
-0.810115
-0.351008
0.002125
-0.157581
0.004846
0.379663
-0.212069
0.243562
-0.065756
0.013657
-0.269754
-0.060869
0.587989
-0.193880
-0.069740
0.083624
-0.354711
-0.677498
-0.146858
0.261180
-0.406038
-0.185112
-0.422377
0.226550
-0.002363
0.004481
-0.345337
0.155358
0.183942
-0.133084
0.148260
0.178534
0.229667
-0.085768
-0.381301
-0.140684
-0.090088
0.286338
-0.397611
-0.531460
-0.748133
-0.265174
0.074282
0.303992
0.000690
0.086222
-0.132340
-0.476359
-0.699590
0.236910
-0.362855
0.541903
0.088446
0.230055
-0.206834
-0.122989
0.036127
-0.421098
-0.214957
-18.643379
-19.112240
-26.561035
-9.063320
-8.873365
-18.381975
-2.312716
-4.365734
-0.964047
-9.319708
-0.179657
-10.778149
1.427074
0.136543
0.899260
-5.355179
-3.544517
-0.386751
0.953207
-0.041763
-10.548323
-1.777335
6.372018
3.370462
-4.586166
-3.824164
0.833606
0.755652
-0.777664
1.256203
0.626880
2.476083
-6.332990
1.987976
1.086979
1.361585
4.297446
-0.507892
-0.450608
1.016143
2.647175
0.569363
4.642056
1.457487
-11.239520
1.344292
2.826460
-3.972107
-11.267264
-4.115832
3.602221
5.480909
1.336106
-1.451929
0.445807
-0.557232
5.083708
-4.349316
-1.977678
2.136976
2.045502
6.207765
1.523654
-6.342774
1.757531
2.979498
-7.120374
0.075932
2.686011
-1.268329
3.010903
1.175238
-7.062833
-7.154966
-9.070429
-0.943369
1.467072
0.465546
-6.675666
1.173266
1.272094
-0.272251
-10.989334
0.714897
1.012713
2.263909
0.170783
2.620830
-1.670255
5.058498
1.053593
-8.149738
0.288996
4.944679
-0.905309
-5.864427
1.549504
-6.713218
1.295436
-7.783061
-14.359485
2.864179
2.435696
0.362338
-4.802246
-0.728295
0.514590
0.310449
1.807567
-0.544707
-5.050813
-2.442251
4.396719
1.801364
3.491492
1.160224
-4.096379
0.461518
2.675712
3.293126
3.516152
2.201088
-3.728947
1.325095
-1.358789
-0.095549
2.683283
-1.884249
0.592656
4.592966
-2.435900
0.819500
3.660776
1.149268
1.134887
1.078784
3.332216
0.878249
-0.420419
-2.285280
4.926444
-1.890702
-10.605388
-0.061880
-12.368973
-1.707532
0.155373
1.254227
0.335880
-7.472080
-4.302899
1.500317
0.871209
-2.132947
-0.306516
1.877251
-5.422265
-5.120542
0.306469
-0.377436
-2.003138
-3.845456
-0.968365
-0.101017
1.395510
-2.966084
-1.037045
0.280876
0.843059
-0.566640
-1.928413
-2.132445
-2.230555
0.241051
0.622886
-2.324631
-2.226819
0.113726
4.549703
0.643997
2.280042
-2.749681
-1.178245
0.113446
1.681015
1.968427
-6.599281
0.146392
0.164795
-1.502214
2.777661
4.607701
3.475687
-2.135346
-0.173765
-0.781646
-4.016730
-1.432693
-1.553054
1.516511
2.018020
-1.030774
-4.477289
4.530011
-1.309046
0.336580
-3.732786
2.120704
1.418324
3.651144
3.158470
0.672026
-0.457600
3.427161
-6.974377
-3.211099
-0.238042
-0.973860
-3.105223
0.894198
-0.094594
0.048352
-1.934410
-2.088726
0.541561
-2.604983
-2.941275
-0.170998
-10.236046
-6.180566
0.833924
-1.813155
-0.386786
-0.945775
2.576588
1.233629
-2.388080
0.181410
0.894466
0.861292
-1.084007
1.335177
-1.262427
-1.835061
-0.140756
-2.597408
1.093135
2.640770
-2.041007
1.362336
2.035216
-2.227886
-2.077313
-4.471422
1.682766
1.537523
-2.176820
0.258953
-0.917976
-3.464453
0.195748
2.917872
-0.852247
2.234243
-0.896944
2.844752
-1.690183
2.589783
-3.632612
-0.831419
-2.092394
-0.083975
-2.115409
-4.370475
-3.140083
-4.651801
-2.797410
-4.016086
-5.153812
-4.472718
-4.392992
4.307435
0.994883
-1.571072
0.961379
0.880947
-3.038370
0.258241
0.160091
0.305256
0.695610
1.371597
-1.395164
-0.291620
0.045526
-2.507774
-2.229250
1.883115
0.659496
-1.153372
-3.443355
0.757936
-4.473458
-3.207293
1.201257
1.535403
-0.956222
1.560616
3.699397
0.880181
1.082276
-0.434552
-1.809425
0.339935
-0.081996
-2.396812
-0.236854
2.314059
0.483597
-0.171687
-0.336102
0.015350
-0.693625
-1.705626
-2.116364
-1.209167
-2.520567
-0.025418
-0.359449
0.808066
-3.210361
-0.209310
-1.541530
-0.529975
-1.988065
1.595695
1.437620
-1.032170
-2.226624
0.299532
-0.780196
-1.684174
1.577824
0.708895
0.984205
0.380107
0.325243
-0.817547
0.951271
0.626042
-4.228410
-1.056525
0.400541
0.800581
1.066541
-0.075978
0.845731
-0.526588
-1.589771
0.314080
-2.388093
-1.724732
-2.734418
-2.874790
-0.570375
0.238997
0.262342
-1.908796
-2.519833
1.196198
1.556987
0.167701
-0.814734
-0.262793
0.122178
-1.551333
0.199616
-0.791229
-1.136204
-2.521126
-1.643790
1.064823
-2.008521
-0.549979
-1.200548
2.080869
0.829632
-0.445144
-0.758986
-4.947169
-4.130369
-1.468996
-1.035036
-1.268447
-1.229073
-0.519135
-2.079349
-0.540913
0.075552
-2.860009
-4.337868
0.358096
1.777838
-1.493923
3.006432
-0.361361
-0.756403
-1.483470
-0.753270
-0.724505
0.669421
1.696446
1.088885
0.277877
0.566696
-1.061782
0.343705
-2.703519
-1.482692
0.364738
0.928067
0.166457
-1.116172
0.063277
-0.419777
1.920290
-1.288705
2.141938
-0.483362
-1.060793
-1.210202
-0.949953
0.009130
-1.622233
0.431825
-0.365362
-2.406704
1.463148
-1.852767
1.212425
-0.058429
-4.076754
-2.782827
0.146919
-0.870833
0.385711
-1.458380
-0.940589
1.849851
-0.618036
-4.403521
0.113521
1.642994
1.359406
-0.953180
0.964511
0.908385
0.922890
-1.738133
1.555960
0.581399
0.041461
-1.114857
-3.699449
-3.851112
-1.349015
-3.782860
-1.293139
1.854998
-1.356986
0.192835
-0.605784
1.638281
-2.613400
-0.066437
3.167497
-0.050053
-1.627232
-3.023614
-0.859539
0.065310
-1.311394
-0.310889
0.434204
1.084373
-1.962379
0.829360
0.934471
-0.915080
-3.012846
-2.484013
-1.950934
0.965607
-0.513160
-0.062562
-1.625077
-4.195473
-2.105602
0.108870
0.123634
5.398288
17.190319
5.818234
5.828218
-3.429741
3.720951
1.810108
2.390561
10.521051
-4.857487
1.473052
4.543100
4.047012
4.055252
0.913440
-14.001652
-4.346323
-1.694584
-1.148281
-9.799222
1.389279
-6.739818
-1.180664
2.712757
-2.151473
1.351472
4.575768
5.414175
7.418516
6.793646
1.022709
3.877459
-4.392230
-7.544369
0.072512
1.450507
1.271041
-12.126017
0.017499
-14.152710
1.638219
12.468214
-2.356741
-2.841717
8.300674
-7.281176
-3.485332
-4.123969
0.197982
-3.776572
-1.636566
3.207814
-11.261608
1.763757
-7.784985
-2.250519
-5.862608
-4.490420
9.879519
-7.333115
-10.480323
-0.380648
-7.765814
-5.711033
-4.008361
-2.490742
-2.042301
-4.257725
-20.504099
-2.906837
3.207525
-6.722864
-15.251798
-0.590860
5.787823
2.410230
-17.215691
7.939697
-5.067005
-18.597771
3.705120
11.287013
9.117791
14.355213
4.760726
-3.834283
-1.306593
-3.713274
-7.273609
-12.498735
-4.811424
-1.699338
-4.474000
-4.976151
1.069035
-0.410149
5.407400
-5.804227
1.554996
6.955834
-5.644299
-2.069442
-2.886774
3.677338
0.252034
-0.979833
-13.938618
3.327366
-2.729210
-8.966828
-1.213326
-2.102315
4.394214
1.031574
-3.802709
-3.719755
0.904260
-6.824251
-3.116265
-7.586919
-10.339282
4.235834
-3.752674
-2.269606
-2.057409
-1.330473
-0.371916
-3.072209
1.579435
5.314676
-3.187864
-2.334608
10.117458
-1.365647
-4.965809
0.605616
1.989748
-3.699049
-8.836474
-1.326834
-5.180283
3.959578
-6.075440
-4.328355
0.787232
-4.249010
-2.343272
-1.255629
-5.138626
-8.004887
7.593117
-8.549583
-3.590972
1.327040
-2.387573
-11.760157
-1.202664
-5.207436
4.118091
-4.953758
0.052715
-7.038724
-2.582668
-0.872060
-2.691652
1.579137
0.362820
0.269297
-5.410995
-2.267865
-8.724506
-4.744250
-3.169561
-6.304205
-0.023524
-4.081098
-4.943393
-1.614878
0.682466
-1.856136
4.594562
-5.011220
-0.116808
-9.599380
0.047001
0.862005
-3.694574
4.252249
2.027920
2.778675
-13.244208
6.165618
-7.838061
1.175399
4.750886
0.214197
2.825582
-11.476881
-7.466897
5.890162
2.275633
-5.080354
-0.888740
0.660480
-4.591856
-2.483788
-2.806264
-10.294506
-4.267031
3.634402
-10.858880
-1.520768
-4.984612
-6.524605
0.539270
-2.216004
1.403321
-15.067537
0.924687
-6.895232
-3.265294
-6.014326
-1.363993
-3.455891
-8.090598
-2.158536
-0.903181
4.081732
1.031178
-3.393871
2.247535
-5.782112
-3.704578
0.635718
7.152732
-0.464918
5.121708
0.734850
-6.367158
-6.364737
-2.329672
-1.929237
-6.855630
-2.330976
-3.565991
-2.218072
-4.603420
-16.127403
-1.380012
0.111555
-5.746960
6.371096
-6.331195
8.751805
-9.907942
4.893951
-5.960100
1.167157
-1.169067
-0.849280
-10.177932
-1.225078
-11.772844
-2.038204
-4.535748
2.851213
-7.099756
-2.087044
-2.644604
1.069257
-0.431872
1.573724
6.831362
1.804421
-4.484439
1.539221
-5.117043
-3.255242
-13.593010
3.340481
-4.254776
-5.902390
1.008142
5.602626
-6.169838
-4.396266
-9.946064
-1.897993
-8.593045
-18.926897
1.335072
-6.678420
-2.352262
1.870326
1.764073
-0.210532
-5.862799
9.360261
-3.795534
1.186618
-2.798038
-2.929414
-6.054239
-7.547602
-2.063540
-19.766319
-1.353310
-0.023488
-0.149299
6.996970
-2.034504
-3.197862
-6.604125
-3.607722
-7.003603
-1.195280
2.290674
3.619506
-8.180584
1.271554
8.358491
-7.302700
-5.588169
0.445337
-2.003000
-7.469548
-0.554430
0.467707
-0.985807
-0.580030
-7.514637
-8.712324
-1.908482
-3.706616
-1.580213
0.398878
4.215618
-9.706055
7.498915
-5.122386
2.945334
5.166145
-11.613321
4.474327
5.256372
-0.856770
-0.701491
-9.105612
-5.121041
-15.073636
-10.146354
-11.921287
2.721973
2.106897
-1.344130
4.130838
0.986444
1.908788
-3.480325
-2.282793
3.394111
10.378852
-6.674129
-1.841468
-1.136410
-0.115483
-6.170316
-3.961779
-1.099579
-1.213567
-8.666492
-11.937071
-7.454662
-9.377987
-2.925156
-2.804622
-0.743598
-2.209790
0.512047
-1.515234
-2.131319
10.882767
1.566378
-7.313318
2.660549
-2.006807
-0.181525
-6.405092
-0.396630
0.560181
2.530651
-4.001062
-3.539366
1.965767
4.237530
0.839150
0.765792
-2.510583
-7.342042
-4.802485
-16.024881
-0.348207
-14.294279
-5.354191
-7.872966
-7.626675
0.883276
-6.611941
0.474546
-9.054489
0.023146
0.479220
-6.104969
3.397940
0.224902
-2.960446
7.176546
3.389235
-1.616248
-4.431443
4.205075
-0.228855
-5.207093
4.753698
-15.843263
-3.941357
-2.502793
-0.728624
7.370679
6.949693
-10.596449
-4.665402
-6.786980
-2.925558
-2.487280
1.356897
1.713614
-9.117912
0.710223
3.475167
-12.303068
-4.179635
-1.377536
-1.275708
2.042328
-3.759543
-2.166704
1.701327
2.410318
-2.044239
-4.115537
5.234522
2.582482
-3.400017
-13.383749
-5.616408
0.164680
2.634518
1.810078
0.708771
-9.113968
8.311794
-17.400457
6.729245
3.000351
-8.316090
7.521527
-6.902513
-6.830435
2.235299
-3.899623
-9.535576
-17.327591
-6.344636
-4.158326
-1.847133
-9.072957
-6.764989
-5.068034
-7.356448
2.519244
-9.149429
-4.855591
2.126838
-0.010318
-8.810797
-6.073084
3.785955
3.078045
1.645858
11.395493
0.702611
7.226860
-1.604809
0.562353
-2.594434
0.507139
-5.212816
0.325297
-0.682599
