3.306339
1.445845
4.740940
2.420377
4.733096
4.056157
4.053614
3.637468
2.404219
3.062716
3.260106
4.887900
4.879464
6.484867
1.619561
1.961918
1.412013
3.222742
2.356092
1.602079
2.336806
3.531323
1.962246
2.319747
3.506639
3.138173
3.123765
2.929483
1.391256
2.919107
3.793626
4.582719
0.703364
2.855942
3.690439
0.707077
2.805345
2.199701
2.653303
5.524620
2.834045
3.122997
2.031545
3.317033
1.695137
2.397698
1.311641
1.179477
2.416754
2.960450
2.289930
2.224165
3.341475
4.270393
2.010414
1.323882
2.629528
3.046661
2.966007
1.247470
2.284886
2.725139
1.894803
2.221396
1.260735
1.374470
1.294745
1.417346
1.308303
1.402238
1.051138
1.012588
1.014523
0.944838
0.946054
0.815394
0.834808
0.869072
0.777085
0.679675
0.240847
0.337901
0.179061
0.295175
0.497332
0.532878
0.345974
0.290290
0.191624
0.225685
0.061722
0.066659
0.138030
0.526389
0.184368
0.097978
0.055188
0.037357
0.072034
0.507409
0.055407
0.069157
0.127224
0.123355
0.001261
0.000006
0.109862
0.059294
0.054642
0.052556
0.097436
0.847213
0.000008
0.556742
0.000083
0.046317
0.046332
0.179782
0.045375
0.001363
0.003315
0.044563
0.000008
0.607735
0.074652
0.071641
0.110593
0.000005
0.228858
0.029591
0.041076
0.022763
0.000008
0.193755
0.048888
0.015210
0.000008
0.105257
0.073966
0.091163
0.108124
0.110117
0.086745
0.010534
0.076773
0.072320
0.000002
0.280768
0.147562
0.027519
0.160202
0.042415
0.094678
0.041565
0.033928
0.064613
0.039271
0.237234
0.011751
0.025718
0.033364
0.056963
0.031689
0.066249
0.040589
0.019513
0.000032
0.012080
0.000043
0.000036
0.003306
0.049681
0.006495
0.025274
0.029577
0.058133
0.000051
0.044398
0.246162
0.038560
0.146465
0.076813
0.026485
0.014346
0.000067
0.021011
0.035938
0.024265
0.012050
0.012281
0.047128
0.027298
0.031889
0.026114
0.000063
0.031983
0.049073
0.048563
0.019617
0.042140
0.119779
0.132541
0.004677
0.008598
0.032571
0.017927
0.020634
0.035016
0.024991
0.034246
0.048513
0.041871
0.018762
0.015449
0.013475
0.012955
0.011892
0.020878
0.021494
0.021846
0.107804
0.007524
0.010874
0.069087
0.132789
0.119188
0.013848
0.068523
0.012723
0.029846
0.041006
0.038264
0.092176
0.007049
0.000009
0.019772
0.029780
0.051482
0.063641
0.068242
0.044957
0.016660
0.033287
0.024368
0.089232
0.024436
0.051423
0.022409
0.014877
0.050712
0.004247
0.004431
0.038389
0.000027
0.012729
0.035113
0.028102
0.043615
0.029892
0.011629
0.011599
0.017200
0.037827
0.031411
0.061131
0.017444
0.090498
0.006577
0.012220
0.020904
0.000008
0.026922
0.049348
0.000004
0.024928
0.024385
0.013120
0.018482
0.012348
0.012936
0.004216
0.007293
0.050667
0.011245
0.026539
0.008697
0.018313
0.007345
0.026749
0.004104
0.001465
0.000000
0.035115
0.015549
0.001433
0.000000
0.014222
0.025180
0.014003
0.013174
0.052608
0.017361
0.003908
0.010324
0.012172
0.038356
0.008482
0.025307
0.032376
0.003033
0.011365
0.006247
0.006876
0.007278
0.006958
0.005372
0.002853
0.001466
0.001487
0.005373
0.009573
0.013846
0.009253
0.000483
0.004897
0.004408
0.003407
0.000922
0.000988
0.004179
0.003765
0.005748
0.003970
0.000527
0.001908
0.000941
0.008949
0.004789
0.001147
0.000338
0.004036
0.000645
0.002171
0.000849
0.002401
0.116582
0.000016
0.001209
0.000765
0.088172
0.002713
0.002358
0.002794
0.000870
0.000008
0.007748
0.001929
0.006415
0.006705
0.000311
0.001541
0.001195
0.000017
0.002139
0.007629
0.002407
0.001592
0.002646
0.000504
0.000010
0.001782
0.001077
0.002619
0.000982
0.000806
0.000001
0.000769
0.000122
0.000001
0.000134
0.000118
0.008726
0.000107
0.000000
0.008057
0.077228
0.000586
0.133593
0.059904
0.000264
0.015593
0.000000
0.000000
0.000000
0.025570
0.009759
0.014160
0.008756
0.024656
0.000001
0.055045
0.017429
0.008005
0.003554
0.006308
0.032183
0.031519
0.014370
0.023989
0.002468
0.007671
0.010151
0.002453
0.001299
0.027222
0.029776
0.007826
0.000000
0.002708
0.055850
0.016397
0.008278
0.003269
0.037855
0.011941
0.017493
0.007520
0.009674
0.000831
0.006159
0.009342
0.003458
0.005348
0.020225
0.032645
0.004539
0.009555
0.007918
0.006133
0.005044
0.010766
0.001990
0.003064
0.001501
0.000678
0.004485
0.002400
0.001449
0.062561
0.035393
0.000779
0.030118
0.000396
0.001061
0.005838
0.003680
0.035023
0.010369
0.006379
0.042452
0.000094
0.002157
0.003608
0.035902
0.003566
0.000796
0.008676
0.011856
0.004315
0.000001
0.006113
0.037233
0.006629
0.067670
0.006189
0.028028
0.003345
0.012138
0.018565
0.018601
0.021587
0.002231
0.000017
0.007142
0.006420
0.039236
0.001130
0.014439
0.004335
0.002584
0.005647
0.023422
0.008717
0.000020
0.007736
0.004207
0.006804
0.005986
0.000017
0.005651
10.069347
13.707347
16.657209
7.873098
5.662426
6.016326
5.122293
6.151886
9.229476
8.150319
14.084061
8.028180
6.550456
7.657959
4.617088
7.685369
4.854625
5.947699
7.403874
5.707623
4.942485
8.388424
8.450467
3.196908
7.703673
4.302822
9.432947
4.230449
4.732166
4.106306
4.801466
4.542116
2.137450
2.640921
2.768760
3.289136
1.740134
2.978860
4.715597
4.890673
1.630890
0.946865
2.682116
2.484227
1.833131
0.769754
1.460754
1.417244
0.503484
1.353204
2.008616
1.674402
1.366037
0.532334
0.689352
1.190848
0.360764
0.267383
0.045410
0.856620
0.421540
0.195218
0.082243
0.835724
1.300542
0.094381
0.379149
0.203366
0.168305
0.060450
0.052248
0.728597
0.092680
0.287298
0.235986
0.357589
0.150686
0.081664
0.856307
0.131246
0.145885
0.068300
0.071433
0.319335
0.126606
0.073188
0.130657
0.132573
0.138551
0.171570
0.024140
0.356209
0.133712
0.186567
0.246511
0.130761
0.220267
0.166646
0.262001
0.216380
0.410649
0.020047
0.029236
0.020514
0.294551
0.090763
0.130821
0.046150
0.163123
0.121475
0.446441
0.080880
0.421955
0.054307
0.203882
0.238456
0.167516
0.079419
0.010445
0.076421
0.068156
0.144417
0.113420
0.097744
0.174679
0.033479
0.047134
0.290798
0.057812
0.318760
0.156464
0.052467
0.047914
0.151695
0.411179
0.128630
0.147063
0.060325
0.034894
0.582111
0.442814
0.008357
0.208815
0.122339
0.108871
0.016477
0.424344
0.442555
0.057360
0.077180
0.033309
0.035286
0.034474
0.291592
0.124689
0.019124
0.055056
0.224130
0.034742
0.120021
0.054089
0.383952
0.061279
0.153546
0.024645
0.132912
0.072948
0.204404
0.012186
0.024468
0.123617
0.271179
0.024208
0.066281
0.184420
0.097378
0.113113
0.001600
0.166746
0.125901
0.466225
0.193497
0.147089
0.032190
0.025967
0.232067
0.019653
0.043555
0.042020
0.059604
0.006067
0.076576
0.045788
0.358055
0.019294
0.038024
0.079798
0.105054
0.026653
0.213388
0.099841
0.051525
0.109166
0.028183
0.112140
0.014838
0.103109
0.009112
0.117076
0.260570
0.132013
0.112068
0.216991
0.153356
0.019683
0.047276
0.145555
0.033717
0.109136
0.178442
0.116900
0.085126
0.111826
0.020725
0.033127
0.350559
0.038851
0.107377
0.072356
0.049687
0.190420
0.120030
0.176931
0.070846
0.255378
0.099843
0.118769
0.137963
0.025864
0.028758
0.010803
0.048432
0.051186
0.063847
0.118485
0.098463
0.048278
0.029544
0.044536
0.046803
0.050758
0.125519
0.122254
0.063266
0.070278
0.011865
0.057901
0.123321
0.013358
0.041180
0.028484
0.089731
0.223412
0.040944
0.027289
0.091071
0.061974
0.084130
0.057431
0.100983
0.096692
0.034904
0.189372
0.074264
0.088102
0.036212
0.072678
0.062738
0.138447
0.199729
0.080612
0.054409
0.051487
0.165538
0.047796
0.013872
0.093353
0.100673
0.054155
0.032779
0.017799
0.031611
0.052818
0.078492
0.054253
0.085297
0.086440
0.039475
0.076859
0.059725
0.036324
0.070037
0.023073
0.127734
0.043754
0.078091
0.123524
0.005904
0.147279
0.063878
0.079504
0.066743
0.130207
0.050222
0.054178
0.004533
0.014360
0.046251
0.012053
0.019919
0.007572
0.023185
0.050732
0.011867
0.023371
0.018885
0.118088
0.131869
0.167117
0.054844
0.018158
0.058142
0.091132
0.014064
0.015258
0.010632
0.056230
0.019052
0.024978
0.038207
0.030594
0.042232
0.015477
0.075614
0.154507
0.022525
0.083921
0.021230
0.042350
0.098924
0.013926
0.003334
0.012132
0.090699
0.009842
0.096601
0.025263
0.029594
0.025615
0.010337
0.001537
0.037611
0.034160
0.071781
0.016024
0.048618
0.049072
0.077389
0.145326
0.026887
0.090776
0.026497
0.049413
0.003056
0.112372
0.067442
0.113256
0.101060
0.027291
0.094109
0.024152
0.145833
0.127002
0.084331
0.048151
0.037638
0.050441
0.015845
0.128949
0.091708
0.100530
0.049622
0.034350
0.054355
0.050150
0.127913
0.055323
0.055273
0.045550
0.083061
0.055818
0.027214
0.169517
0.055415
0.030140
0.050118
0.085989
0.069195
0.043857
0.066422
0.143745
0.090966
0.207519
0.029555
0.014536
0.047662
0.094894
0.074097
0.103508
0.108465
0.005156
0.136139
0.047241
0.018165
0.122767
0.032866
0.236406
0.051401
0.033132
0.047953
0.065765
0.078686
0.135683
0.040592
0.104488
0.016225
0.057209
0.033241
0.108627
0.050493
0.027981
0.047858
0.018981
0.010105
0.024467
0.075156
0.034835
0.087971
0.016283
0.031415
0.020244
0.048898
0.057655
0.041121
0.011023
0.028552
0.020651
0.049520
0.061350
0.072800
0.074057
0.043684
0.030139
0.056076
0.031047
0.141727
0.056614
0.041560
0.043112
0.084035
0.026045
0.091200
0.023874
0.014143
0.048988
0.130128
0.076364
0.023380
0.095682
0.042884
0.059049
0.101544
0.028618
0.062089
0.049777
0.052955
0.054976
0.027261
0.103941
0.069169
0.141835
0.088235
0.058561
0.030745
0.071777
0.055034
0.021436
0.019243
0.023880
0.034332
6.533701
5.961848
10.189219
3.084153
1.922401
5.401999
0.778887
0.865233
0.628186
3.516300
0.213512
1.883232
0.470033
1.033706
0.348602
2.364789
1.521166
0.356103
0.419722
0.424627
4.420856
1.807648
1.388664
0.858522
0.949091
0.793227
0.406874
0.908953
0.861311
0.323713
0.382687
0.654901
1.076542
0.568570
0.455881
0.214905
0.744704
0.471957
0.472858
0.560174
0.567607
1.623265
0.380245
0.515743
2.005806
1.117465
1.027727
1.008279
3.167105
3.625444
1.088231
2.915237
1.294390
0.275413
0.155684
0.325815
0.820163
0.596227
0.596146
0.488095
0.830207
1.541245
1.310572
1.904996
1.220399
0.832416
1.179618
1.734346
0.713479
0.686300
2.030692
2.393609
1.474534
1.305317
2.410617
0.441821
4.747362
1.008288
2.366986
0.410121
1.845367
0.273641
4.308058
0.147824
0.364134
0.767953
0.560435
1.117798
1.034444
1.386165
0.526704
2.730216
0.484651
1.022182
0.409080
1.225737
0.461227
1.344913
0.430197
1.179695
3.311435
0.506440
0.435267
0.075792
1.683510
0.486398
0.811899
0.454591
0.516740
0.452605
1.667870
1.634080
0.584519
0.599783
0.645192
0.451098
0.778055
0.672806
0.791674
1.362708
0.568159
0.416076
1.666274
0.704830
0.657565
0.498367
0.346883
0.758492
0.822038
1.505840
1.851029
0.310688
0.369175
0.451752
0.385730
0.570621
0.588582
0.745773
0.494375
0.999179
1.278310
0.836855
1.329412
0.565756
3.310718
0.325570
0.163750
0.503999
0.118510
1.175177
0.891798
1.016498
0.111350
0.610226
0.281417
0.238457
2.215141
1.617440
0.511411
0.284511
0.164579
1.518953
0.830858
0.642811
0.417181
1.187746
0.510460
0.490404
0.381776
0.743452
0.476431
0.390152
1.349862
0.536175
0.121827
2.094860
0.435254
0.991425
0.511351
0.266770
0.682146
0.406121
0.515933
0.218642
0.931947
0.176039
1.258093
0.681856
0.384556
0.850441
0.843685
0.555116
0.791368
0.874254
0.526342
0.425867
0.631673
0.565926
0.487685
0.240342
0.283337
0.601382
0.482531
0.636085
0.980714
0.126663
1.111053
0.432063
0.399231
0.399975
0.308707
0.552662
0.363818
0.428396
0.710093
0.518795
0.157795
0.128937
0.493013
0.181788
0.093225
0.587648
0.657543
0.387654
0.540879
0.665738
0.830919
0.237030
1.605725
1.384057
0.438856
1.115583
0.134839
0.216233
0.282730
0.268191
0.327203
0.561098
0.564920
0.780887
0.197107
0.516996
0.455199
0.789946
0.141765
0.538386
0.564765
0.455854
0.397537
0.199544
0.205987
0.539703
1.281492
0.335172
0.483334
0.209653
0.711704
0.090286
0.149907
1.211112
0.249793
0.441660
0.264420
0.602729
0.444312
0.237888
0.274825
0.414453
0.628667
0.241665
0.362097
0.589583
0.327136
0.682917
0.404979
1.238290
0.608366
1.032722
0.434104
0.746696
0.344396
0.469775
0.168632
0.638486
0.398649
0.215024
0.635902
0.052089
0.158283
0.325402
0.120706
0.165242
0.119104
0.321708
0.155743
0.324275
0.202525
0.188416
0.390154
0.203439
0.435811
0.085665
0.679750
0.816648
0.089098
0.510138
0.344598
0.204460
0.417284
0.218214
0.316549
0.197490
0.445651
0.205492
0.211571
0.120453
0.308175
0.244469
0.132326
0.199233
0.226875
0.036928
0.233535
0.312144
0.265576
0.680013
0.524030
0.118526
0.120115
0.179799
0.497974
0.088908
0.158997
0.247411
0.258953
0.100805
0.208544
0.157859
0.426230
0.231222
0.180770
0.351157
0.276892
0.118963
0.064548
0.181855
0.221817
0.420495
0.097230
0.063121
0.443842
0.261244
0.243576
0.173418
0.119022
0.159820
0.191077
0.351569
0.421262
0.214868
0.552215
0.256496
0.316430
0.657927
0.538955
0.232110
0.226878
0.222039
0.272557
0.230027
0.518147
0.367808
0.177490
0.175667
0.243759
0.319610
0.135322
0.169103
0.121407
0.388219
0.288359
0.268498
0.236717
0.281973
0.628803
0.262692
0.221886
0.154856
0.238140
0.471484
0.294987
0.418915
0.548606
0.398413
0.311101
0.127373
0.226715
0.109353
0.163725
0.337490
0.665228
0.215197
0.306414
0.151955
0.172205
0.213867
0.207010
0.177396
0.324623
0.388737
0.205553
0.184383
0.251020
0.123523
0.133584
0.438888
0.159175
0.276711
0.231009
0.145983
0.089335
0.391402
0.296729
0.123071
0.228045
0.175675
0.222130
0.109062
0.097189
0.162816
0.093080
0.175432
0.145529
0.210975
0.072854
0.130322
0.755824
0.290942
0.209823
0.165132
0.162179
0.271813
0.352227
0.228670
0.207228
0.243628
0.342065
0.298539
0.271757
0.333871
0.444917
0.111958
0.132721
0.212908
0.184387
0.113564
0.075863
0.162086
0.211945
0.407727
0.110705
0.501275
0.166884
0.770971
0.446416
0.322271
0.268463
0.471459
0.129937
0.170626
0.209734
0.225544
0.334265
0.334628
0.141153
0.174360
0.186150
0.146191
0.214304
0.118523
0.156640
0.342265
0.115703
0.106656
0.239492
0.183661
0.259443
0.131613
0.265915
0.403387
0.343299
0.296499
0.069282
0.182120
0.088105
0.297377
0.288659
0.271688
0.128941
0.151596
0.964970
2.759748
2.452899
1.876917
1.537141
0.602190
1.360195
0.990692
1.062871
1.044910
1.659139
0.806718
1.083429
0.947841
0.374567
2.091453
1.291123
1.600135
1.343653
1.843332
0.732836
0.882828
0.973634
0.878126
0.614821
0.881318
1.702840
0.851496
0.883992
1.166274
0.246807
1.444238
1.014327
1.160076
0.485958
0.520072
0.482179
1.455406
1.216577
1.121757
0.577239
1.275015
0.974310
0.718304
0.813604
0.754845
0.493043
0.665249
0.480116
0.873231
0.556501
0.715298
1.052660
0.704112
0.938259
0.512851
0.309438
0.811336
0.768756
1.031737
0.772479
0.613779
1.245929
0.930336
0.824265
0.660425
0.914384
1.130356
1.353770
0.668852
1.243410
0.637052
1.861752
0.776901
1.389863
0.364459
1.965794
1.092021
0.542725
1.215875
0.625893
0.738135
0.892602
1.050899
0.318166
1.101728
0.459242
0.551894
0.962547
0.827524
1.194362
0.671174
0.401464
0.413858
0.612251
1.432840
0.579766
0.779442
0.470855
0.713837
0.460466
0.593017
0.732170
0.270054
0.262219
0.476582
0.751031
0.503275
0.406738
1.114688
0.929243
0.717928
0.498115
0.850395
1.154405
0.648889
0.459460
0.404259
0.763867
0.878035
1.031256
0.348830
0.683588
0.429239
0.320346
0.833686
1.281901
0.495043
0.561911
1.160038
0.303344
0.222859
0.502619
0.376232
0.748328
0.437365
0.610923
0.537001
0.779179
0.549289
0.498837
0.701035
0.472793
0.783758
0.373873
0.953738
0.590460
0.393721
0.682063
1.420435
0.898516
0.577748
0.686119
0.816492
0.230166
0.619714
0.154635
0.348871
0.576304
0.377481
0.220526
0.458869
0.375169
0.283534
0.400125
0.538469
0.517176
0.436255
0.515748
0.435837
0.669136
0.649194
0.450317
0.507458
0.290056
0.657520
1.108856
0.697002
0.489921
0.463851
0.550521
0.370346
0.640090
0.691439
0.336354
0.155024
0.794673
0.686642
0.746657
0.272903
0.667771
0.511707
0.566913
0.361113
0.393369
0.729947
0.579129
1.113458
1.167895
0.290619
0.329576
0.733969
0.626497
1.010901
0.305932
0.430541
0.160412
0.929643
0.626317
1.027675
0.925577
0.354382
0.982129
0.577587
0.444965
0.418776
0.349503
1.704425
0.466130
0.405638
0.584912
0.939655
0.746021
0.267639
0.561695
0.545235
0.915812
0.586734
0.385691
0.573552
0.283181
1.087948
0.546085
0.592346
0.388248
0.688007
0.525537
0.320981
0.885864
0.476876
0.480543
0.878801
0.858599
0.377473
0.519191
0.887535
0.402129
0.866909
0.250229
0.579231
0.546891
0.514696
0.593247
0.618115
0.802146
0.340885
0.356871
0.237822
0.345560
0.422359
0.794449
0.736207
0.736662
0.602572
0.935427
0.381077
0.674410
0.309653
0.745985
0.448676
0.352363
0.473729
1.122304
0.634861
0.376894
0.383698
0.803093
0.296552
0.852867
0.279085
0.416343
0.693949
0.662521
0.385155
0.595977
0.602120
0.854883
0.598580
0.434663
1.162171
0.255090
0.590422
0.394949
0.485430
0.355410
0.321368
0.799699
0.633322
1.867057
0.288164
0.968437
0.609970
0.717974
0.536007
0.366755
0.798711
0.523530
0.167868
0.373432
0.438997
0.336436
0.769434
0.389074
0.693910
0.690013
0.238400
0.609761
0.229338
0.863378
0.283188
0.612239
0.729865
0.794317
0.428421
0.494897
0.886702
0.406478
0.445445
0.278123
0.652006
0.888899
0.728660
0.443407
0.561060
0.278815
0.315602
0.518221
0.635486
0.257691
0.364292
0.367857
0.404741
0.629637
0.753974
0.427989
0.425606
0.339026
0.959949
0.774931
0.907205
0.773805
0.691854
0.675089
0.564509
0.530606
0.659187
0.780839
0.576955
0.474496
0.169521
0.340528
0.491739
0.649894
0.489004
0.631321
0.644812
0.568865
0.387607
0.498104
0.692727
0.753954
0.730303
0.545399
0.448666
0.291193
0.655300
0.351833
0.402403
0.417033
0.311310
0.268583
1.049531
0.510258
0.550000
0.442666
0.333639
0.513998
0.878572
0.452966
0.627946
0.673445
0.586549
1.604775
0.269063
0.532153
0.121293
0.444381
0.474790
0.423718
0.530356
1.441559
0.387422
0.668077
0.796611
0.610032
0.615376
0.163928
0.983684
0.552201
0.702515
0.244311
0.360846
0.658209
0.422940
0.735254
0.298495
0.359132
0.729629
0.272086
0.865725
0.523833
0.611130
0.593507
0.500275
0.777168
0.548944
0.373705
0.372900
0.288372
0.372308
0.554899
0.383481
0.692941
0.335276
0.361393
0.420710
0.802972
0.957637
0.193761
0.418370
0.972081
0.433263
0.256144
0.450186
0.261434
0.673239
0.450353
0.250057
0.133253
0.349030
0.496482
0.278039
0.522638
0.411440
0.780031
0.873488
0.481672
0.321173
0.236219
0.191408
0.549038
0.213563
1.114129
0.503592
0.491108
0.277543
0.447568
0.417467
0.321961
0.372802
0.190089
0.731816
0.967965
0.428862
0.367407
0.419707
0.631652
0.633932
0.439567
0.718992
0.381081
0.590255
0.580837
0.362697
0.506437
0.513934
0.446849
0.433558
0.276758
0.488580
0.545846
0.623900
0.530028
0.312759
0.553545
0.337040
0.338473
0.480260
0.323982
0.736255
